#!OSCAR2013 particle_lists t x y z mass p0 px py pz pdg ID charge
# Units: fm fm fm fm GeV GeV GeV GeV GeV none none e
# event 0 out 200
0 3.32405 6.03541 5.96988 0.138 0.627750664 0.00975990656 -0.0431094082 0.610797199 111 0 0
0 2.37549 6.66336 1.52906 0.138 0.21522719 -0.0135764305 0.0981480946 0.132141497 111 1 0
0 0.134254 7.24073 9.24178 0.138 0.169476585 -0.029277958 -0.0708641044 0.0616392157 111 2 0
0 0.572306 5.03273 9.65736 0.138 0.746756071 0.724980831 -0.112939328 0.0157522333 111 3 0
0 9.20106 2.01562 9.61802 0.138 0.987085373 -0.121824268 -0.703911301 0.667054167 111 4 0
0 1.83139 2.86622 0.71185 0.138 0.531701667 -0.0512577851 0.465398981 0.210805812 111 5 0
0 1.92205 9.06752 2.81914 0.138 0.273760821 0.0989633083 0.180833929 0.115785754 111 6 0
0 2.03576 2.68148 3.68951 0.138 0.30315172 0.252887253 -0.00602108771 -0.0941740347 111 7 0
0 7.90076 8.80467 6.53093 0.138 0.267708875 0.108992213 -0.131570749 0.153081276 111 8 0
0 5.96639 8.65099 8.93971 0.138 0.522902776 0.0740953034 -0.464478925 0.182078356 111 9 0
0 7.37305 0.495532 5.81321 0.138 0.453301209 -0.354345254 0.235793873 0.072654496 111 10 0
0 1.60297 4.36965 1.15707 0.138 0.591039391 0.0284873006 0.550136998 -0.163772153 111 11 0
0 2.58258 1.08915 6.71023 0.138 0.66075803 -0.635989921 -0.112282539 -0.0216015033 111 12 0
0 6.17358 9.47527 3.71516 0.138 1.00053238 0.52387573 0.713805845 -0.445035357 111 13 0
0 5.26899 3.29238 3.5594 0.138 0.149569193 0.0325938207 -0.00724912361 0.0470322918 111 14 0
0 6.32908 3.73299 5.78445 0.138 0.443584386 0.0195506021 -0.230762772 0.352263288 111 15 0
0 6.35935 4.77577 5.26909 0.138 0.593098439 0.460502521 -0.118703628 -0.326448518 111 16 0
0 1.9347 1.5903 9.6306 0.138 0.521017429 -0.210771938 -0.13490383 -0.435650443 111 17 0
0 8.40815 3.02659 3.0418 0.138 0.488876137 -0.300354156 0.357899484 0.0406351804 111 18 0
0 8.48933 9.40235 1.26912 0.138 1.23463653 1.20052493 -0.208893417 0.142782391 111 19 0
0 3.67576 4.86556 4.91658 0.138 0.325061822 0.0390039104 -0.285803022 -0.0584509644 111 20 0
0 7.65568 8.06697 1.64774 0.138 0.23803455 -0.0574937572 0.0909966344 0.161339788 111 21 0
0 0.0158204 7.10029 0.589845 0.138 0.257454902 -0.0701215319 0.161090723 -0.127952241 111 22 0
0 3.38204 6.75455 8.27352 0.138 0.513068524 -0.322040098 0.366189249 0.0799432246 111 23 0
0 2.63206 9.87124 0.723299 0.138 0.426966229 0.397328879 0.0668634753 0.030252251 111 24 0
0 3.19365 3.45938 5.56528 0.138 0.329348374 0.0606923377 0.270913211 0.111125261 111 25 0
0 3.18603 6.74315 8.69011 0.138 0.692335251 0.373299774 -0.509796401 0.247060737 111 26 0
0 7.90098 4.95797 4.76863 0.138 0.222360032 0.13300431 -0.0827823116 0.0765305589 111 27 0
0 8.07702 1.41025 5.76278 0.138 0.504007162 0.0751542513 0.35966774 0.316180605 111 28 0
0 4.77745 3.65366 4.4857 0.138 0.461439572 0.297791648 0.260068491 -0.193822064 111 29 0
0 1.28749 3.553 6.12955 0.138 0.277981881 -0.227520857 0.0517581905 -0.0615245928 111 30 0
0 2.43565 2.34392 3.42927 0.138 0.450583513 0.0892957367 0.329414933 -0.259795257 111 31 0
0 1.31084 4.62983 1.84699 0.138 0.317430996 0.212411887 -0.16815306 0.0912369215 111 32 0
0 3.75243 7.11221 7.54148 0.138 0.512795736 -0.412593321 -0.235074081 -0.135729121 111 33 0
0 5.90799 2.61238 9.22358 0.138 0.840737486 -0.722387933 -0.308179664 0.266414129 111 34 0
0 4.77687 2.26194 7.97371 0.138 0.24687734 -0.0671054373 -0.192408417 -0.0195008311 111 35 0
0 7.6417 2.54601 1.59777 0.138 1.01471775 -0.393605522 -0.08755357 -0.92087848 111 36 0
0 9.77695 9.08714 9.78512 0.513775 1.23951292 -0.561225718 0.413299819 -0.88692532 113 37 0
0 7.83621 3.8431 8.05734 0.587289 1.11691018 0.625878167 0.0233750867 -0.714359741 113 38 0
0 7.40858 4.56041 9.60084 1.32478 1.36511142 0.206428721 0.228153478 -0.117595211 117 39 0
0 3.22228 1.5779 7.2234 0.138 0.303794897 0.226291951 0.145666327 -0.0286463512 211 40 1
0 8.61193 8.81865 4.0975 0.138 0.34988269 0.220436678 -0.0397531597 0.23065397 211 41 1
0 4.47942 0.759528 3.04708 0.138 0.460326001 -0.249795505 -0.111253804 0.343628904 211 42 1
0 9.81562 9.96421 4.14559 0.138 0.46220231 0.427215181 -0.109812467 -0.00392263779 211 43 1
0 1.10732 7.02444 1.21773 0.138 0.602658552 -0.245187535 0.528797724 0.066403089 211 44 1
0 2.36656 6.54009 4.2216 0.138 1.22486857 -0.267978657 -0.454887406 -1.0965965 211 45 1
0 9.63114 6.4617 0.333232 0.138 0.266751824 -0.110591702 0.0653353957 -0.188714857 211 46 1
0 7.74668 8.1373 5.20813 0.138 0.474746517 -0.065369154 -0.377639786 -0.243834618 211 47 1
0 9.74317 7.17684 8.49083 0.138 0.366075282 -0.0708787876 0.190748608 0.271216294 211 48 1
0 9.25778 3.79491 2.32843 0.138 0.160487009 -0.0574583127 0.0567722461 0.0136943243 211 49 1
0 5.14266 1.68458 3.18537 0.138 0.312719396 -0.276651957 -0.0468065328 0.00471851151 211 50 1
0 1.25508 0.559767 2.4993 0.138 1.29597248 0.581433188 -0.655661539 -0.944745506 211 51 1
0 7.67358 1.4097 3.89923 0.138 0.701246136 -0.288950279 0.468487861 0.4119818 211 52 1
0 6.94756 3.65974 2.84787 0.138 0.456647563 -0.43341013 -0.0260254386 -0.0310053537 211 53 1
0 4.87835 0.191269 2.3993 0.138 0.925948001 0.0731233132 0.860043095 0.305474314 211 54 1
0 0.241009 2.80943 5.91751 0.138 0.356270844 -0.0537577166 0.286301225 0.151745281 211 55 1
0 8.08504 1.65893 1.4504 0.138 0.94374237 0.458315534 0.379813239 0.719231837 211 56 1
0 8.33854 8.87085 3.61531 0.138 0.234572829 -0.182056406 0.0473005825 0.0244649166 211 57 1
0 1.6784 6.19284 5.45261 0.138 0.533204823 0.363533038 0.329609657 -0.156411597 211 58 1
0 7.33082 5.82709 7.32808 0.138 0.382310755 -0.327532924 -0.14075535 0.00525628789 211 59 1
0 5.71165 7.59629 6.78283 0.138 0.316076387 -0.00819308656 0.207648287 -0.194101377 211 60 1
0 1.65745 1.96316 6.64606 0.138 0.238897786 0.116639175 -0.154789593 -0.0215322286 211 61 1
0 2.91281 3.74234 0.628102 0.138 0.780542468 0.264912995 -0.497215051 -0.5223034 211 62 1
0 8.78956 5.66966 1.98919 0.138 0.53209053 -0.131435579 0.386384619 -0.312262626 211 63 1
0 6.79838 5.0301 8.32976 0.138 0.299273768 -0.0174405373 -0.240735676 -0.110738204 211 64 1
0 0.908194 3.63325 2.92959 0.138 0.292345146 0.0477798225 0.244217545 -0.0670564206 211 65 1
0 5.71984 5.41748 1.1095 0.138 0.403269302 0.0481763053 0.363743836 -0.0946128722 211 66 1
0 9.53433 5.47606 1.95035 0.138 0.377003498 -0.297217084 0.0920915646 -0.162076482 211 67 1
0 7.26029 4.16537 1.40541 0.138 0.408653808 -0.0949202632 -0.327860715 -0.177345509 211 68 1
0 0.403736 1.87002 8.42888 0.138 0.60645127 0.170800283 0.290033289 0.485228913 211 69 1
0 7.56028 9.31012 4.85661 0.138 0.278276739 0.233929282 0.0450127411 0.0405572136 211 70 1
0 1.32911 0.681746 5.2203 0.138 0.335302248 -0.185303879 -0.184632116 0.15797801 211 71 1
0 9.49674 3.75226 2.63239 0.138 0.597479971 -0.226406133 -0.127822584 0.519942272 211 72 1
0 7.72793 1.15575 4.41005 0.138 0.601041203 -0.322534309 0.486698215 -0.0360970158 211 73 1
0 0.0935188 4.65286 5.64229 0.138 0.377020175 0.00303206341 -0.328592223 0.122955967 211 74 1
0 4.5026 5.96401 1.08505 0.138 0.277225023 -0.176503039 -0.0565792771 0.153150827 211 75 1
0 9.03134 8.39945 1.51865 0.138 0.47560773 0.127348567 0.432567575 0.0618574851 211 76 1
0 0.348865 4.91048 0.237345 0.138 0.299708073 0.258659336 -0.0595768795 0.0180796217 211 77 1
0 8.8097 1.38172 1.50143 0.553437 0.688974448 -0.341797747 0.169215526 -0.151438974 213 78 1
0 3.8814 7.70816 8.62513 0.591742 0.810845859 0.373289846 -0.279935483 -0.299337939 213 79 1
0 6.8067 1.42763 9.72636 0.597354 0.701048307 -0.150874365 -0.285796312 -0.17376344 213 80 1
0 9.76573 8.44942 7.95915 0.759337 0.806179548 -0.118671892 0.0777935544 -0.230646751 213 81 1
0 1.39324 7.54963 4.31427 0.726777 0.898712425 -0.173604302 -0.0864315522 -0.491803884 213 82 1
0 6.4138 5.66725 0.212853 0.802051 1.44178253 0.27975648 0.000900825617 1.16498329 213 83 1
0 5.53012 6.60947 7.14603 1.02851 1.06690615 -0.155730283 -0.0755742736 0.224702228 215 84 1
0 1.15427 4.30939 5.36809 0.548 0.89337558 -0.234278629 -0.126715049 0.653354994 221 85 0
0 0.918598 6.29507 5.33195 0.548 0.577718479 0.126967733 -0.0992814756 0.0864697877 221 86 0
0 4.94767 6.92143 1.10424 0.853314 1.02603138 -0.057335214 -0.542747089 -0.163507154 223 87 0
0 3.74297 4.21872 4.41937 0.802915 0.858680743 -0.190757967 -0.237115899 0.00694404234 223 88 0
0 8.66665 3.51777 7.26814 0.787278 1.05716714 -0.579249622 0.190998316 0.354661457 223 89 0
0 3.00647 6.78939 0.625391 0.786176 1.39468669 -0.984707829 -0.537207626 -0.262367862 223 90 0
0 3.89356 2.30593 0.173717 0.822156 1.01646153 0.0141798521 -0.387050313 -0.45524198 223 91 0
0 6.69555 4.84558 5.80979 0.790649 1.11035138 -0.135383821 0.229207525 -0.732727139 223 92 0
0 8.56958 4.64071 1.58812 0.780878 0.827460412 -0.205167578 -0.0834279474 -0.160830076 223 93 0
0 2.18892 1.12042 4.80084 0.785949 0.921524457 0.397459089 -0.152325602 0.224310076 223 94 0
0 9.02993 1.57853 5.79616 0.773453 0.915572468 0.0777250686 -0.455803267 0.162004776 223 95 0
0 4.37424 0.704502 6.14057 0.792569 1.0850632 -0.584011023 -0.150889251 -0.430533791 223 96 0
0 4.6451 4.53428 2.33697 1.26111 1.3228304 -0.0543089794 -0.32703257 -0.222668329 225 97 0
0 6.83864 0.699158 0.78206 0.494 0.522697499 -0.165526785 -0.0193728295 -0.0374466537 311 98 0
0 4.52251 5.90421 6.04595 0.494 0.896090189 0.220158864 0.546015266 0.460802593 311 99 0
0 7.51878 6.50157 8.24335 0.494 1.11952522 0.821090756 0.56101362 -0.14273898 311 100 0
0 5.94538 9.7188 3.18257 0.494 0.739195248 0.469522577 0.218598123 0.184762076 311 101 0
0 1.04701 4.59307 4.22865 0.494 0.616818313 -0.0158190286 0.164049824 0.330554452 311 102 0
0 1.72301 3.19112 9.79582 0.494 0.536745315 0.0397445896 -0.205096954 0.0203749952 311 103 0
0 8.17837 7.51307 3.55772 0.494 0.538080019 -0.146305067 -0.124759185 0.0923259407 311 104 0
0 2.6091 2.13066 1.42118 0.494 0.975839303 0.771369449 -0.246242196 0.229303946 311 105 0
0 9.23902 5.79316 3.62797 0.87541 1.4484203 -0.0856289847 0.791864256 -0.834983903 313 106 0
0 8.82167 5.90353 3.29119 0.844442 1.07898768 -0.516271723 0.396111068 0.166406084 313 107 0
0 5.44276 9.96102 0.753097 0.820615 0.934450234 -0.329719989 0.118485654 -0.277549806 313 108 0
0 4.52881 4.78349 2.06391 0.940018 1.06119087 0.212735043 -0.442833531 0.0336925481 313 109 0
0 1.90969 1.98944 1.92812 1.51909 1.6064827 0.0597278525 -0.2969392 -0.425929486 315 110 0
0 9.81053 7.24604 5.23704 0.494 0.603346732 0.0554933364 0.260889633 -0.221016668 321 111 1
0 5.03948 8.07725 6.09553 0.494 0.72963506 0.119948741 0.137610559 -0.504982132 321 112 1
0 0.550769 0.55161 6.33358 0.494 0.695509502 -0.250748366 0.137569375 0.397363047 321 113 1
0 3.94691 1.04954 9.14909 0.494 0.910992092 -0.127394775 0.674135509 -0.339385441 321 114 1
0 1.53522 4.23596 9.45978 0.494 0.944010337 -0.42753137 0.623003208 0.276049717 321 115 1
0 0.528336 3.98556 2.92395 0.494 0.895175006 0.44048715 -0.0514545594 -0.600521266 321 116 1
0 4.12657 3.63991 8.66812 0.494 0.653647367 -0.375279211 -0.017024537 -0.205169587 321 117 1
0 5.4878 7.42354 8.79199 0.870968 0.968442664 0.416973834 0.0720174586 0.0155833079 323 118 1
0 6.92343 4.46911 8.07248 0.841531 1.30327421 0.465942896 -0.849611874 -0.226729564 323 119 1
0 2.52273 4.50317 6.22568 0.83129 1.05188123 0.176343404 -0.475837692 0.397356193 323 120 1
0 2.64233 7.72304 6.35571 0.888097 1.71534577 -0.638773289 -1.13731602 0.672439604 323 121 1
0 0.701764 0.179121 4.31114 0.911706 1.31103689 0.858288105 -0.245060295 -0.30149227 323 122 1
0 9.37684 8.80882 8.19927 1.48122 1.54914312 -0.442213658 0.0902248485 -0.0462982464 325 123 1
0 4.1811 7.45725 3.25162 0.957973 1.04238801 -0.180631243 0.365699579 -0.0499583775 331 124 0
0 5.10607 4.78828 3.60402 0.958141 0.993344918 0.206717231 0.0519257625 -0.152548284 331 125 0
0 9.11925 9.14292 0.871241 1.01689 1.18109816 0.0738418282 0.518057807 -0.295100259 333 126 0
0 5.90689 7.11766 2.20389 1.52312 2.07180435 -0.0248975305 -0.833586726 1.13004574 1214 127 0
0 8.00478 4.56946 8.97498 0.938 1.06505974 -0.358226479 0.354317494 -0.0253208837 2112 128 0
0 4.48637 0.165367 0.629204 0.938 1.00938338 0.10301939 -0.267096241 -0.238866934 2112 129 0
0 6.45933 4.82012 2.84448 0.938 1.19837889 -0.321914017 0.0228210597 0.672397603 2212 130 1
0 0.918808 8.57715 6.59045 0.938 1.15117895 -0.556795969 -0.0691441362 -0.361339614 2212 131 1
0 0.675719 6.41475 7.19547 0.938 1.19097544 -0.476461978 0.399396173 0.389929702 2212 132 1
0 9.03069 9.86385 8.17195 1.23632 1.58177519 0.174298035 0.583853177 0.776059068 2224 133 2
0 6.60538 2.27592 8.82294 1.25825 1.50472947 -0.424078004 0.241739516 -0.665378787 2224 134 2
0 7.26811 9.41384 8.66693 1.189 1.30426364 0.435158517 -0.228890334 0.213609253 3212 135 0
0 7.51611 4.24905 6.99206 1.20907 1.65971893 0.161489851 -1.08110938 -0.312963591 10113 136 0
0 2.23219 5.20378 7.27652 1.2155 1.30569185 0.0418363608 -0.472140921 -0.0521375955 10113 137 0
0 5.41216 6.89562 4.40536 1.18796 1.81112284 -0.101115584 1.06444508 -0.85185103 10221 138 0
0 7.48274 9.52765 0.241013 0.99143 1.06900069 0.158068946 -0.35197465 0.104675978 10223 139 0
0 0.14835 6.76911 2.76521 1.22229 1.46846189 0.693057495 0.19048794 0.381798233 10223 140 0
0 1.54564 8.42274 6.98568 1.09592 1.18118121 0.0562341182 -0.139429309 -0.414178657 20113 141 0
0 8.48835 5.66442 0.971981 0.958779 1.20583001 -0.54784359 -0.378047269 -0.30284801 20213 142 1
0 1.21596 4.75733 1.58687 0.506578 0.622393867 0.218341046 -0.148665485 -0.246937863 100213 143 1
0 9.22496 8.80068 0.895162 0.93612 1.34885359 -0.0936179697 -0.811113954 -0.525752515 9000111 144 0
0 8.73713 2.5787 2.04629 1.45405 1.75180284 0.0948268958 0.138104828 0.962537383 9000113 145 0
0 8.38199 4.00873 1.42343 0.915772 1.56235253 0.945145405 0.304218151 -0.785148572 9000211 146 1
0 8.22077 5.58339 0.704981 0.625996 1.23343249 -0.414600681 0.861619301 -0.463900631 9000221 147 0
0 1.06009 1.36819 7.75893 1.01251 1.10891841 0.0393162398 -0.275960978 0.356119794 9000221 148 0
0 4.49838 0.349456 2.40351 0.781383 1.12351631 0.804330966 0.0441261562 -0.0532367435 9000221 149 0
0 4.41733 4.9444 0.231563 0.497022 0.910668967 0.107318021 0.751718898 -0.0754216423 9000221 150 0
0 1.30825 9.18011 3.83205 0.668964 1.01278105 0.153168856 0.677763267 -0.308850196 9000221 151 0
0 1.81598 7.96607 2.54155 0.845726 0.968466641 0.120252441 -0.0216092217 0.455793262 9000221 152 0
0 9.40736 4.02535 2.63888 1.42408 1.51228541 0.157696239 -0.482284204 0.0390338292 9030221 153 0
0 2.73222 7.25206 9.37144 0.138 0.413566691 -0.315673693 -0.222833523 0.0518531452 -211 154 -1
0 0.784445 9.81719 1.72608 0.138 0.28033547 0.129764611 0.193868557 0.0715549012 -211 155 -1
0 4.7578 5.83663 8.82706 0.138 0.29126231 -0.161182869 -0.197837167 0.0258895966 -211 156 -1
0 5.21764 1.24652 8.13609 0.138 0.246320591 -0.201741691 -0.0290369638 -0.00932620268 -211 157 -1
0 4.3034 1.79165 4.16353 0.138 0.211535244 0.0328326506 0.140542074 0.0698076079 -211 158 -1
0 6.51895 5.58383 2.6906 0.138 0.674319162 0.568578496 -0.00667012895 -0.335166131 -211 159 -1
0 9.71613 5.6565 3.10395 0.138 0.748757286 0.318068637 -0.2433742 0.617409762 -211 160 -1
0 5.4611 2.7095 0.794861 0.138 0.372363089 0.113394815 0.0733369584 0.318392174 -211 161 -1
0 7.44757 5.23003 7.5088 0.138 0.395137562 -0.0949429183 -0.132982953 0.332251515 -211 162 -1
0 2.57266 8.52033 9.55629 0.138 0.787396796 0.348986899 0.686635384 -0.0876909777 -211 163 -1
0 6.50701 9.51032 5.89291 0.138 0.657281992 0.478186434 0.0161285775 0.429014242 -211 164 -1
0 3.70646 9.86444 3.63261 0.138 0.614970471 0.141639113 -0.507029491 0.286363644 -211 165 -1
0 6.57945 6.75977 5.97735 0.138 0.659433533 0.00739195877 -0.635304764 0.11018984 -211 166 -1
0 9.1473 6.0583 7.32771 0.138 0.716437733 0.439691371 0.432856934 0.336964979 -211 167 -1
0 0.995869 3.20118 0.28309 0.138 0.456955507 -0.424973298 0.0625864023 0.0724221879 -211 168 -1
0 0.228378 5.89646 0.386336 0.138 1.40493248 0.0235244812 0.507700387 1.30248923 -211 169 -1
0 7.5255 1.88897 8.75628 0.138 0.259599793 0.169220937 -0.0257688824 -0.138015549 -211 170 -1
0 8.9602 2.81076 1.70728 0.138 0.419156718 -0.363797142 -0.0676497828 -0.140440381 -211 171 -1
0 3.90556 3.08945 7.72997 0.138 0.293725483 -0.113354118 0.088171024 0.21588741 -211 172 -1
0 0.857186 0.562405 8.83126 0.138 0.634437183 -0.0115727155 -0.0175316805 0.618890339 -211 173 -1
0 6.35459 0.7335 5.40811 0.138 0.396171663 -0.158911004 0.210024957 -0.261810612 -211 174 -1
0 0.541864 3.82207 5.39181 0.138 1.02534753 -0.185934499 -0.103947087 -0.993436924 -211 175 -1
0 8.89334 7.73177 1.99678 0.138 0.443619194 -0.417478067 -0.0582098384 0.00881291491 -211 176 -1
0 4.56353 9.19067 5.71028 0.138 0.564444619 0.096963616 -0.0153368722 -0.538439008 -211 177 -1
0 3.70095 0.967633 7.25194 0.138 0.438557659 0.229480771 -0.0905576437 0.335300923 -211 178 -1
0 8.55749 3.89355 4.16362 0.138 1.05674282 0.217633661 -0.328560283 -0.970744615 -211 179 -1
0 3.66697 7.29624 3.16646 0.138 0.326369765 0.052420384 0.0524546747 -0.28631073 -211 180 -1
0 8.07231 1.0562 5.7547 0.138 0.304457633 -0.21426357 0.128178758 0.106356846 -211 181 -1
0 0.270892 7.30775 0.332379 0.138 0.227980229 -0.0525261403 0.173684306 0.00239812593 -211 182 -1
0 9.91107 7.18319 2.43491 0.138 0.641441772 0.469507282 -0.194403253 0.366297466 -211 183 -1
0 0.898265 5.42592 6.28415 0.138 0.254371787 0.0392768617 -0.208052487 0.0288530218 -211 184 -1
0 5.52476 0.322938 7.20389 0.138 0.193294902 -0.0309046264 0.131472262 0.00888073558 -211 185 -1
0 9.85051 5.17808 1.74486 0.138 0.556732502 -0.361504207 0.17631741 0.359352138 -211 186 -1
0 6.06819 9.02188 1.71637 0.138 0.537476459 -0.113000456 -0.297632218 0.41046669 -211 187 -1
0 8.43243 4.66623 9.15424 0.138 0.904341257 -0.354785127 0.6275622 0.528282413 -211 188 -1
0 1.11384 6.26025 0.853937 0.138 0.374408574 -0.225437407 0.214271253 -0.15621647 -211 189 -1
0 0.555279 7.89445 3.61535 0.138 0.356190611 -0.258378525 -0.0809795753 0.185770281 -211 190 -1
0 1.8696 1.18886 6.51413 0.138 0.813469871 -0.0245944139 0.74173936 -0.303161784 -211 191 -1
0 1.93966 5.38944 3.77391 0.138 0.510942552 0.397740252 0.288148372 -0.0281335933 -211 192 -1
0 4.85295 4.42288 5.46258 0.138 0.434928673 0.208777633 0.0279614294 -0.354611067 -211 193 -1
0 5.51342 8.91783 2.23354 0.138 0.71831472 -0.250285245 -0.114334475 0.649012297 -211 194 -1
0 7.91527 0.663279 1.73083 0.138 0.445410672 -0.0923243159 -0.323374384 0.257394435 -211 195 -1
0 2.7229 0.7215 5.17338 0.138 0.559181746 0.422167015 0.0821832501 -0.329637908 -211 196 -1
0 1.57586 7.03848 9.808 0.138 0.510096175 -0.303224625 0.287899515 -0.257532142 -211 197 -1
0 5.36512 0.834207 2.61993 0.138 0.323375806 -0.249499118 -0.0717124318 -0.134667849 -211 198 -1
0 5.8078 6.59419 7.479 0.138 1.04647188 -0.0620836023 0.505919681 0.903465712 -211 199 -1
0 7.41854 0.234289 5.09096 0.138 0.96474141 0.360323345 -0.510576377 -0.721914702 -211 200 -1
0 2.4408 2.57557 4.98326 0.747143 1.00138452 0.277095407 0.115771992 0.595284728 -213 201 -1
0 4.60241 1.94476 3.48072 0.77613 0.837755849 0.167360985 -0.200314206 0.176979323 -213 202 -1
0 1.20086 4.88485 2.9835 0.658558 0.702172297 -0.10611402 0.0943934548 0.197931289 -213 203 -1
0 0.0589645 4.57314 2.65721 0.73012 0.762438657 2.52857536e-05 -0.15987677 0.150590823 -213 204 -1
0 1.49779 5.49565 3.06165 0.497242 0.549134794 -0.172135549 0.145352048 0.0595140212 -213 205 -1
0 5.95289 8.28643 1.53997 0.494 0.869467392 -0.00271321001 -0.479645432 -0.530914724 -311 206 0
0 3.95306 4.43315 8.25368 0.494 0.780299401 -0.465755326 -0.247343591 -0.294489863 -311 207 0
0 2.14816 1.51933 2.69726 0.494 0.893096309 -0.441175114 0.202091711 -0.56401106 -311 208 0
0 2.79059 9.45368 1.77657 0.494 0.881021568 -0.671724747 -0.0127670189 -0.284228553 -311 209 0
0 8.47119 4.49708 3.51252 0.494 0.739534513 0.241364249 -0.393991237 -0.29898077 -311 210 0
0 0.546077 8.50114 0.987221 0.494 0.864734323 0.646032818 -0.181559139 0.231100254 -311 211 0
0 3.46288 8.06062 2.20566 0.494 0.620128106 0.0939731551 -0.245323977 -0.267409912 -311 212 0
0 3.54043 2.08323 4.11987 0.494 0.573525132 -0.197512143 0.207852986 0.0517799889 -311 213 0
0 7.17641 8.69516 2.12398 0.494 0.721984591 0.251784318 0.459504634 0.0518256478 -311 214 0
0 8.18903 2.15111 4.03684 0.494 1.29351468 0.21765571 -0.497740339 1.064906 -311 215 0
0 2.63499 5.28579 2.64533 0.494 0.621605508 0.308338872 0.109642929 -0.187784388 -311 216 0
0 5.66517 7.99823 3.14473 0.494 1.03950641 -0.141309541 0.411338044 0.804593188 -311 217 0
0 3.90018 0.508742 5.62368 0.494 0.768882149 0.145812316 -0.453117087 -0.347228215 -311 218 0
0 9.5631 7.6474 1.61744 0.907123 1.4902898 -0.619866249 -0.797542883 -0.614640913 -313 219 0
0 7.56442 7.89346 0.553424 0.911801 1.23383353 -0.181468667 -0.680094845 0.442158004 -313 220 0
0 0.204487 1.83367 2.22841 0.907384 0.981685892 -0.120479878 0.0209960567 0.354125254 -313 221 0
0 2.227 8.87554 9.9502 0.926992 1.23592712 -0.471198035 0.207788421 -0.634821596 -313 222 0
0 3.24967 9.8233 1.62553 0.874124 0.890700967 -0.126359604 0.0204541026 -0.113444668 -313 223 0
0 7.5117 6.71282 8.70944 1.77117 1.85642148 -0.348906334 0.288090281 0.323329244 -317 224 0
0 0.242965 4.11066 4.70107 1.9617 2.45203226 -0.0544144146 -0.406650809 -1.41274766 -319 225 0
0 5.9442 7.69506 8.5511 0.494 0.753362507 -0.545922973 -0.158205463 0.0214057346 -321 226 -1
0 3.40222 1.16687 6.7261 0.494 0.877893837 -0.183873358 0.225289961 0.66490346 -321 227 -1
0 7.04146 5.97174 1.45897 0.494 0.588472158 -0.287357697 -0.131300365 0.0494898877 -321 228 -1
0 7.63492 1.07116 5.97248 0.494 0.709906184 0.0310167847 -0.0756637858 0.503233287 -321 229 -1
0 6.95971 5.23786 5.09569 0.494 1.05199373 0.64217783 0.210811318 0.63704084 -321 230 -1
0 5.31194 1.27462 7.43864 0.494 1.3674913 -0.192342897 0.680918127 -1.0608257 -321 231 -1
0 2.96219 3.98951 5.4744 0.494 0.649095517 -0.0566237322 -0.332887281 0.251532904 -321 232 -1
0 3.16465 9.62335 1.58129 0.494 0.675378039 -0.110692836 -0.172510753 0.412415606 -321 233 -1
0 2.92132 8.59541 1.18879 0.494 0.614485622 -0.338640397 -0.0112247612 -0.136942563 -321 234 -1
0 0.295451 4.74295 7.29382 0.494 0.780127095 0.560975058 0.0470455554 -0.218302507 -321 235 -1
0 4.58801 0.13426 8.00789 0.494 0.54631318 -0.0204779409 0.207923577 0.103781166 -321 236 -1
0 0.71781 7.81569 9.5045 0.494 1.18892341 -0.506252228 0.731181811 -0.615292375 -321 237 -1
0 8.3983 9.44138 9.72633 0.803678 0.98379822 -0.415156722 0.378448365 -0.0798944618 -323 238 -1
0 1.07721 7.74019 9.19138 0.954254 1.07363281 0.250685047 0.357212269 -0.227252694 -323 239 -1
0 5.85571 8.71608 0.8118 1.14189 1.2149966 -0.295261368 0.0140077338 -0.291422302 -325 240 -1
0 4.86005 7.32786 7.34819 1.73853 1.86659685 -0.486282783 -0.472378853 0.0458253055 -1112 241 1
0 7.79339 2.14297 8.2848 1.56163 1.64530579 0.079547595 0.00559681418 0.511841469 -1214 242 0
0 8.00773 9.28635 8.96299 0.938 1.41138925 0.641315583 0.126970083 0.827507432 -2212 243 -1
0 8.71527 0.393145 8.43087 1.1417 1.15400206 0.166274458 -0.00853419547 0.0226710974 -2214 244 -1
0 6.39138 0.542358 0.938773 1.25539 1.41226952 0.435686834 -0.100914029 0.467447184 -2214 245 -1
0 3.91035 0.706694 0.545919 1.81294 2.31805611 -0.247696728 -1.32223839 -0.526285875 -2226 246 -2
0 3.98547 3.79439 9.32936 1.318 1.59971162 0.0122707082 -0.318978908 0.848560632 -3322 247 0
0 1.41372 9.32279 7.50436 1.5319 1.83491296 0.832127956 0.394217222 -0.415128557 -3324 248 0
0 1.55933 1.52779 1.98778 1.672 1.89779296 -0.0484485286 -0.695766235 -0.56532842 -3334 249 1
0 4.90384 4.31389 3.03767 1.3509 1.83940037 0.137274871 -1.15514732 0.45306004 -10211 250 -1
0 7.55722 5.07587 8.20891 1.64003 2.05749888 0.614141125 -0.984014128 0.445158831 -12122 251 -1
0 5.97808 4.34974 1.96231 1.41918 1.44732933 0.129567108 0.154514017 -0.200051098 -13122 252 0
0 2.63054 5.9884 1.17444 1.70474 2.28185581 -1.30976288 0.667977107 -0.372918366 -13224 253 -1
0 7.10935 4.98464 3.84163 1.82362 2.20572491 0.281444596 0.312532391 -1.16736043 -13314 254 1
0 1.36051 5.52215 5.17058 1.67359 1.82969283 -0.115688515 0.350158098 0.641004349 -22212 255 -1
0 8.16323 6.8559 1.22531 0.819199 0.876508005 0.045360491 0.246715515 0.185077365 -30213 256 -1
0 9.63669 7.07372 1.13491 1.26844 1.59127196 0.952792515 0.0298125154 0.120452727 -100323 257 -1
0 8.08893 8.07672 1.12613 1.86494 1.95392146 -0.283798285 0.399870919 0.315232088 -9912114 258 0
# event 0 end 0 impact   0.000 scattering_projectile_target no
# event 1 out 259
0 2.14382 7.96419 0.203446 0.138 0.269014711 0.107950976 -0.141472297 0.147163483 111 0 0
0 6.48518 4.87669 3.28076 0.138 0.30718654 0.13948242 -0.227593884 -0.0637593065 111 1 0
0 0.462517 9.99226 0.323937 0.138 0.392270891 0.0139789415 -0.358642716 0.0775399466 111 2 0
0 7.58062 2.10559 2.11893 0.138 0.530907874 0.166541978 0.047874132 -0.482484205 111 3 0
0 1.67353 6.80625 1.84251 0.138 0.551511421 0.139763717 0.121482257 0.500828326 111 4 0
0 8.19572 2.51234 3.45376 0.138 0.372172882 -0.00261822046 0.34213691 0.0490319657 111 5 0
0 7.09859 6.94211 5.61226 0.138 0.433043702 0.378767237 -0.017692973 0.157178837 111 6 0
0 4.19338 8.52505 0.998284 0.138 0.219344255 0.155359091 -0.0635653266 0.0298480242 111 7 0
0 9.97485 6.30833 0.51804 0.138 0.369986579 -0.0087467425 0.263191386 -0.220226832 111 8 0
0 4.08301 9.77998 9.34496 0.138 1.01887213 -0.526329394 0.728729383 0.459333503 111 9 0
0 2.48594 8.62327 1.47468 0.138 0.691540587 -0.47841315 -0.430638771 0.211791147 111 10 0
0 9.22081 2.35435 0.0662954 0.138 0.512079169 0.338102 -0.293929782 -0.206090749 111 11 0
0 4.25537 3.2111 0.158086 0.138 0.362293388 -0.181259178 0.281588716 0.00808729019 111 12 0
0 5.41656 7.16751 1.97118 0.138 0.453447787 0.126374805 0.204625788 0.358787668 111 13 0
0 5.64305 4.94794 4.82148 0.138 0.541387474 0.44589896 0.00810079921 0.274162163 111 14 0
0 8.98847 7.40678 1.39546 0.138 0.436634572 -0.29562967 -0.290180935 -0.0019678862 111 15 0
0 7.23216 6.95649 9.93752 0.138 0.26583984 0.202122485 0.101311365 -0.0225683154 111 16 0
0 0.54798 9.55853 4.07834 0.138 0.495026764 0.469359406 0.0464514029 -0.0595945682 111 17 0
0 1.66121 3.47805 2.76392 0.138 0.805692822 0.69682885 0.0054936933 -0.380126685 111 18 0
0 7.94533 2.222 2.9238 0.138 0.608159374 -0.328893228 -0.492576957 0.00331826383 111 19 0
0 8.89422 2.15434 4.46138 0.138 0.319724564 -0.173220091 -0.220605533 -0.0671401195 111 20 0
0 6.67732 0.0145955 8.95136 0.138 0.339390212 0.0959926678 0.0290251225 0.293401885 111 21 0
0 4.73564 0.989715 2.08882 0.138 0.191331165 0.0131516705 0.00612985395 -0.131731063 111 22 0
0 3.44084 4.34758 4.60435 0.138 0.26825125 -0.17254521 0.0918382666 -0.121279084 111 23 0
0 1.22655 0.207206 5.69402 0.138 1.2317454 -0.885067686 0.482398839 -0.694333702 111 24 0
0 7.61869 8.5721 0.61811 0.138 0.20660361 -0.124618564 0.0134065089 -0.0890591426 111 25 0
0 2.03874 8.40185 0.403843 0.138 0.820790167 -0.550797251 0.474397777 -0.355276844 111 26 0
0 4.92742 1.40429 3.58416 0.138 0.828820207 -0.220923011 0.634324341 0.465536883 111 27 0
0 9.21445 8.53048 6.2219 0.138 0.832921265 0.163976886 -0.79294372 0.138078496 111 28 0
0 5.23755 3.21036 1.3459 0.138 0.372714745 -0.0606030513 0.290184962 -0.178863746 111 29 0
0 5.3347 9.41419 2.73231 0.138 0.551219984 0.246507665 -0.470394533 -0.0525587741 111 30 0
0 9.16046 3.0581 5.10974 0.138 0.323517389 0.195244107 0.169433594 0.13708208 111 31 0
0 5.93464 6.56412 3.31083 0.138 0.604191504 0.585583018 0.0547711407 -0.00979919104 111 32 0
0 7.3613 4.0151 5.8129 0.138 0.290005866 0.196048175 -0.121403319 -0.109021785 111 33 0
0 6.96571 5.91526 7.09323 0.138 0.458637691 0.29847798 -0.118300597 0.297019183 111 34 0
0 3.42076 0.301464 8.54293 0.138 1.30214157 -0.0265895381 -0.349404393 -1.24649037 111 35 0
0 1.16702 5.30455 4.13289 0.680214 0.851276701 -0.388050514 0.196421593 0.269845349 113 36 0
0 4.04101 5.1514 4.8583 0.458936 0.67862733 -0.298956877 -0.396945851 -0.054514826 113 37 0
0 2.05702 6.79525 5.79813 0.724016 0.885312603 -0.121529983 0.371295667 -0.327030155 113 38 0
0 7.92438 2.84755 6.80528 0.563847 0.831611828 0.00158124544 -0.603873402 -0.0948090981 113 39 0
0 9.31628 3.86435 6.70825 0.725249 0.79887329 0.000121019306 -0.334182837 -0.023111366 113 40 0
0 0.877128 9.39497 6.75851 0.572816 0.891165692 0.348366924 -0.231035111 -0.539741835 113 41 0
0 7.18524 2.47525 2.20062 0.654538 0.773927994 -0.072282059 -0.00768978161 -0.406523217 113 42 0
0 3.44981 9.98686 7.24706 0.740374 0.786856209 0.203361297 -0.131334524 -0.111285939 113 43 0
0 5.06238 4.66768 9.78827 0.757608 0.883012752 -0.102023728 0.158146157 -0.412702365 113 44 0
0 6.83904 0.656812 6.8447 1.13948 1.25229477 0.10398194 0.508887501 0.00706352177 115 45 0
0 7.50137 3.26016 4.66397 1.43771 1.60309855 -0.219511278 0.649180099 -0.182469377 115 46 0
0 7.16262 4.1057 7.43282 0.138 0.309303309 0.158192633 0.167488594 0.153450964 211 47 1
0 3.56881 3.69712 1.03928 0.138 1.00665064 -0.0755669336 -0.979859738 0.168718825 211 48 1
0 5.65248 2.1925 4.07198 0.138 0.339262885 -0.0368481911 -0.258450635 -0.167035281 211 49 1
0 7.95819 4.29939 3.86256 0.138 0.827790172 -0.129194085 -0.123162809 -0.79644986 211 50 1
0 5.9264 0.342987 4.19454 0.138 0.392829728 0.0349484043 -0.109584639 0.349343686 211 51 1
0 4.65528 8.18172 1.20187 0.138 0.646965503 -0.150096628 0.0835003505 0.608291917 211 52 1
0 0.0240504 1.05857 8.71657 0.138 0.216395999 0.00662946798 -0.0909212275 0.139544291 211 53 1
0 8.2377 1.07892 7.50322 0.138 0.348145459 -0.0895498238 0.285244292 0.113038857 211 54 1
0 1.15859 3.13218 3.56219 0.138 0.405100767 0.0556138097 0.0326840248 0.375368473 211 55 1
0 1.62616 0.725302 6.20542 0.138 0.468926061 -0.233705842 -0.340067082 -0.174881704 211 56 1
0 6.91132 2.62252 1.70655 0.138 0.403866612 -0.330990892 0.0740397129 0.170374266 211 57 1
0 7.46202 4.92397 3.6617 0.138 0.365864615 0.253254692 -0.173914282 0.142929355 211 58 1
0 8.97107 4.00948 8.01054 0.138 0.183256571 -0.0593980785 -0.0508187723 -0.0918057262 211 59 1
0 9.28004 9.44135 4.62319 0.138 0.383137228 0.279359663 0.18867607 -0.118784069 211 60 1
0 8.86574 0.319071 0.0628879 0.138 0.60915485 -0.525098829 -0.0270019471 -0.274895881 211 61 1
0 2.90949 3.00881 3.61562 0.138 0.410691957 -0.241219862 0.18190142 -0.241554827 211 62 1
0 1.78266 2.90135 4.2815 0.138 0.453917484 0.305675847 0.292765971 -0.0885858052 211 63 1
0 3.78923 2.84694 4.1319 0.138 0.195418478 -0.10081657 0.0438682682 -0.083999855 211 64 1
0 1.31774 8.97084 9.47242 0.138 0.428024241 0.379285321 -0.0110314343 -0.142062324 211 65 1
0 0.578427 7.51238 3.98675 0.138 0.340450296 0.0161715211 0.0309976626 0.309257224 211 66 1
0 7.42948 6.83434 5.65112 0.138 0.454003226 0.412334107 -0.129496842 -0.0169139396 211 67 1
0 2.91107 1.65321 5.33026 0.138 0.275628459 -0.127747851 -0.177367584 0.0956466109 211 68 1
0 4.85507 5.95245 6.67497 0.138 0.49304258 0.432614106 0.0785114228 0.175293975 211 69 1
0 3.2556 3.22292 1.15629 0.138 0.495951665 -0.098062585 -0.465489741 0.0250416575 211 70 1
0 9.87717 1.03229 9.50915 0.138 1.14652998 0.06139287 1.13359081 -0.0817911201 211 71 1
0 3.14372 9.94294 9.49155 0.138 1.05819798 0.941586226 0.258522396 -0.383823547 211 72 1
0 1.44675 9.29731 8.49429 0.138 0.50231403 -0.231129569 0.142181948 0.399548246 211 73 1
0 3.3564 7.14795 0.110405 0.138 0.218538631 0.168930651 0.011033927 0.00747131761 211 74 1
0 3.36711 4.91851 1.15729 0.138 0.26111732 0.140642672 -0.171329606 0.0020149341 211 75 1
0 1.70009 1.51671 1.68365 0.138 0.543099404 0.035361853 0.204449696 -0.482558622 211 76 1
0 6.95159 5.42654 0.987214 0.138 0.938715545 -0.0377657805 0.176995933 0.910707999 211 77 1
0 2.35072 9.08251 0.886425 0.138 0.576340455 0.076270542 0.404639996 -0.378911069 211 78 1
0 9.55226 1.07905 9.26281 0.138 0.400297376 -0.283357654 -0.223733192 0.104143593 211 79 1
0 9.39532 5.6654 2.98274 0.138 0.53761807 0.171000613 -0.487598111 0.0547362905 211 80 1
0 8.07414 8.33597 8.1737 0.138 0.492127089 0.0748774468 -0.423980337 0.194368499 211 81 1
0 2.95528 1.25806 0.933449 0.138 0.338859983 -0.0699913991 0.148840784 0.262163523 211 82 1
0 1.46144 6.7015 5.90468 0.138 1.83193166 -0.93162118 0.433882666 1.51021768 211 83 1
0 1.33815 8.8778 5.88977 0.138 0.395452708 0.318625861 0.0205034177 0.188138285 211 84 1
0 8.4655 3.41005 2.91077 0.138 0.736589465 -0.319123037 -0.0998130315 0.641652465 211 85 1
0 5.15312 9.26998 7.0454 0.138 0.256594328 0.155343554 0.00105161053 0.15054542 211 86 1
0 2.72353 8.35156 2.99141 0.138 0.493537273 -0.062150556 0.427899026 0.193842132 211 87 1
0 7.09334 4.34433 6.0955 0.799125 1.13873609 0.338543293 0.595716512 -0.434315165 213 88 1
0 5.04822 8.45859 2.41975 0.663624 0.767238886 0.0203750846 0.382398439 0.0401897066 213 89 1
0 3.21184 4.33917 4.67585 0.731857 0.947949524 0.532072872 -0.248706111 -0.134304146 213 90 1
0 6.03431 1.58431 9.76538 0.846382 1.03304793 -0.0723756175 0.189651623 0.556434105 213 91 1
0 8.07032 0.299905 2.45344 0.691401 0.82946407 -0.393419909 -0.00307776543 -0.234917384 213 92 1
0 1.59105 1.88427 4.51129 0.548 0.564083953 -0.124943554 -0.0188687997 0.0438153186 221 93 0
0 7.12176 9.56105 7.92524 0.548 0.896412538 0.186966462 -0.635568863 0.253667498 221 94 0
0 6.83972 1.19294 2.17634 0.548 0.857203029 -0.28940794 0.321825813 0.497156136 221 95 0
0 5.93043 9.93055 0.516145 0.548 0.952014873 -0.180971777 0.101968567 0.750253255 221 96 0
0 2.84172 0.334334 2.27511 0.548 0.656244678 -0.0162009945 0.173741549 -0.316076699 221 97 0
0 8.20234 7.95289 6.22373 0.548 0.640971816 0.131395825 0.0264681768 0.304262126 221 98 0
0 9.57319 1.72183 5.71344 0.783424 1.07402767 0.361155365 -0.356829368 -0.5310576 223 99 0
0 5.24514 8.27849 8.96746 0.862745 1.15058089 0.105275164 -0.652058147 -0.378476438 223 100 0
0 3.62027 6.93763 3.08215 0.777181 0.889641899 -0.2636007 0.225112199 -0.259406465 223 101 0
0 0.428669 3.49141 0.820378 0.80092 1.82306178 0.45229045 0.34552074 -1.53562051 223 102 0
0 8.6701 7.48704 4.29623 0.761234 0.942707126 0.354846801 0.421675998 0.0741092 223 103 0
0 8.13489 7.45118 1.49217 0.783753 0.800633971 -0.0858591755 -0.13587438 -0.030216783 223 104 0
0 2.84918 6.52924 2.18715 0.84641 1.14032091 -0.0661350016 0.533761837 0.542813894 223 105 0
0 6.05865 9.12815 1.60163 0.799741 0.961919544 0.487308094 -0.214009347 -0.0493459265 223 106 0
0 1.00817 6.33825 9.0566 0.790576 0.843181685 -0.157021534 -0.157239727 -0.191217622 223 107 0
0 4.8072 7.43682 0.524789 1.19852 1.80901754 -1.28325376 -0.210495803 -0.3808415 225 108 0
0 1.99208 3.55944 7.74393 1.52061 1.65188501 0.38114194 -0.494962013 0.161911365 227 109 0
0 7.24515 5.16474 1.29791 0.494 1.25367924 -0.316800626 -0.33041834 -1.05741984 311 110 0
0 1.45974 9.10107 6.60801 0.494 0.710729591 0.318017872 0.314221476 0.247447063 311 111 0
0 0.219857 6.42981 8.37978 0.494 0.681377809 0.344590899 0.305138383 0.0915827395 311 112 0
0 4.32609 8.79365 1.20627 0.494 0.886160357 0.129899157 -0.652799913 0.313404947 311 113 0
0 9.68111 7.69313 1.74106 0.494 0.984756522 -0.772768561 -0.30159407 -0.19385349 311 114 0
0 4.29218 6.42184 5.01293 0.494 0.529036498 0.0390006915 -0.0401919127 0.180851244 311 115 0
0 7.65315 1.24359 9.11736 0.494 0.596622765 -0.264639045 0.138687915 0.150514325 311 116 0
0 4.91979 7.25508 0.759404 0.494 0.528633591 -0.159466137 0.00810965543 -0.0996105306 311 117 0
0 4.82889 2.06443 9.27787 0.494 1.40291981 0.914545819 0.93845063 0.0840496452 311 118 0
0 4.91793 2.5433 8.63845 0.886189 1.52092386 -0.486641939 -0.0500575616 -1.13514439 313 119 0
0 8.57978 1.30617 5.43904 0.907392 1.42854751 0.000626693498 -0.618564302 -0.913654596 313 120 0
0 8.30976 8.46281 0.657611 0.899789 1.05528146 0.369512531 -0.406760517 0.0447770446 313 121 0
0 2.8238 4.13124 9.32369 0.879545 1.13362623 -0.612711929 0.35110872 0.113204363 313 122 0
0 4.64938 6.08077 2.79925 1.27745 1.47618749 0.661417536 -0.206436716 -0.259160335 315 123 0
0 0.319836 5.88876 3.21667 0.494 0.678804506 0.269651334 0.10999061 0.363221394 321 124 1
0 7.45709 5.79507 3.56402 0.494 0.636744262 0.337446322 -0.209635599 -0.0599178687 321 125 1
0 8.08974 9.51275 4.76717 0.494 0.84355915 -0.334301931 0.445830377 -0.396274569 321 126 1
0 6.78247 0.835657 0.927906 0.494 0.722316575 0.221912544 -0.273849488 -0.391748025 321 127 1
0 1.64598 4.21995 6.06007 0.494 0.664517225 0.0853677144 -0.151616682 -0.408988848 321 128 1
0 2.06209 1.95466 2.21562 0.494 0.582583668 0.051028067 -0.16821109 0.253907258 321 129 1
0 8.03941 1.76024 1.5518 0.494 0.882185084 0.69698004 -0.176689263 0.131203092 321 130 1
0 6.5965 4.46784 6.4147 0.494 1.11254055 0.75208532 -0.525714647 -0.389489749 321 131 1
0 0.298168 6.9867 5.93729 0.7824 0.867657526 -0.0261120848 0.364763525 0.0833361596 323 132 1
0 0.0989536 5.32335 3.32581 0.896893 1.1029318 0.302169305 -0.255982281 0.505182297 323 133 1
0 5.89276 1.93998 2.47049 0.855007 1.06726693 0.0540591956 0.636337043 -0.0132150683 323 134 1
0 1.63612 6.64284 5.02251 0.957937 1.03742671 -0.244858511 -0.312996083 0.0262251253 331 135 0
0 3.75095 0.0121344 6.18645 0.956556 1.66936026 1.26549445 0.476512886 0.207904985 331 136 0
0 7.64288 4.52997 1.78077 1.02541 1.35572122 -0.147487584 0.496234083 -0.720072292 333 137 0
0 0.160154 9.1955 1.936 1.01691 1.13932094 0.38009884 -0.086598249 0.334610843 333 138 0
0 5.55019 5.41233 9.71342 1.01804 1.7051324 1.05459116 -0.779977808 -0.388000856 333 139 0
0 9.69746 5.84257 1.73109 1.02003 1.13733269 -0.14034642 -0.0862857422 0.475315319 333 140 0
0 9.81174 8.23022 0.151131 1.29515 1.71831751 -0.859257037 0.729209172 0.0717336303 1114 141 -1
0 8.11364 8.90049 8.55494 0.938 1.03346541 -0.25842659 0.0386391477 0.346308354 2112 142 0
0 1.36191 5.74461 7.5985 1.4613 1.78912096 -0.0130834218 -0.904736318 -0.496834828 2124 143 1
0 1.19182 1.75752 7.76029 0.938 1.12967242 0.0829750548 -0.445488091 0.4370026 2212 144 1
0 9.85655 9.71901 1.27142 1.19611 1.4787786 0.277174578 -0.797996077 0.206088406 2214 145 1
0 7.59173 0.544814 4.54087 1.50317 1.68443892 -0.154755139 0.74398547 -0.0189030907 3124 146 0
0 0.716404 6.44382 4.4827 1.189 1.25063117 0.206653387 0.297707403 0.137920282 3212 147 0
0 6.70984 1.7428 2.14032 1.189 1.45079208 0.659881383 -0.47236269 -0.18029617 3212 148 0
0 4.85047 4.97942 1.86159 1.70804 1.89704453 -0.699275929 0.2992019 -0.3207562 3216 149 0
0 9.07462 4.7153 1.02423 1.53334 1.68250688 -0.411647041 -0.128829525 -0.541883658 3314 150 -1
0 6.91079 0.783326 5.4878 1.2129 1.5599657 -0.20800259 0.915488584 -0.284577494 10113 151 0
0 4.38788 7.0221 5.42278 1.27496 1.637469 -0.532641276 0.346551244 0.807446311 10113 152 0
0 6.50306 9.41765 8.6404 1.19863 1.47029049 -0.578467144 -0.091391156 0.61810518 10213 153 1
0 4.47912 6.0565 7.1242 0.314507 0.623087405 0.514900617 -0.152623384 -0.0301098109 10221 154 0
0 9.5047 2.79058 0.44209 1.10682 1.44147591 -0.000696927164 -0.778695965 -0.496415856 10223 155 0
0 0.0538421 1.15293 4.51995 0.958351 1.09421468 -0.000183668097 0.442011109 0.288957084 10223 156 0
0 3.66025 2.04783 2.13959 1.99845 2.27635556 0.862027876 0.545622545 0.383653197 10315 157 0
0 4.64914 5.36317 9.62698 1.73506 2.16924815 -1.26876962 -0.136152661 0.258612075 10315 158 0
0 9.51744 0.53211 1.05429 1.34337 1.42290094 0.320902901 0.337761075 -0.0543353026 10321 159 1
0 4.03445 0.0882408 4.83959 1.02545 1.39998347 -0.606257416 0.621959783 -0.392452062 20213 160 1
0 9.30179 4.32696 6.9494 1.38936 1.57235635 -0.311041474 -0.0827626987 0.662105602 20313 161 0
0 1.74683 6.59327 3.41164 1.39391 1.60492586 -0.238174195 -0.745691697 -0.141460366 20313 162 0
0 8.6343 4.23458 1.68615 1.43027 1.44802839 -0.180704548 0.00989713263 -0.135537981 20333 163 0
0 8.89448 3.62881 9.77139 1.45703 2.04898107 0.979932226 -0.0570615263 -1.05445122 20333 164 0
0 7.62313 0.666959 5.99153 1.04952 1.32933072 -0.764055404 -0.165491295 -0.233349815 100111 165 0
0 9.73468 5.69751 5.76481 0.973909 1.2396743 -0.321789291 0.356561482 -0.598003653 9000111 166 0
0 8.70274 9.92299 3.12588 0.799014 1.04023473 0.574030598 0.233645896 -0.244054563 9000221 167 0
0 1.17555 7.55709 5.60477 0.748014 0.839790373 0.0739272646 -0.206734168 -0.312280145 9000221 168 0
0 4.03863 1.53712 9.76076 0.138 0.422654915 -0.25665018 0.217130637 -0.215819714 -211 169 -1
0 4.89423 9.85348 4.33405 0.138 0.550052935 -0.159335594 -0.10659585 0.496753183 -211 170 -1
0 9.29877 1.0431 7.05098 0.138 0.472582309 -0.183423166 0.335859407 0.240508709 -211 171 -1
0 7.87951 6.06136 6.52223 0.138 0.563645971 -0.261147488 -0.324145267 0.354096902 -211 172 -1
0 4.3564 3.29061 2.1254 0.138 0.805256904 0.0564194407 -0.249055238 0.751121173 -211 173 -1
0 9.95967 2.78893 8.07486 0.138 0.158861782 0.0720175461 0.0300845782 0.0100725929 -211 174 -1
0 1.61966 9.37049 3.65112 0.138 0.371397947 0.114542434 0.0312073231 -0.32372607 -211 175 -1
0 7.16622 9.70005 4.22404 0.138 0.257105358 -0.0814431874 0.180004039 0.0895807917 -211 176 -1
0 8.01211 5.88051 5.82768 0.138 0.678680434 0.550191896 0.250543393 -0.275826064 -211 177 -1
0 4.2528 2.51854 1.38156 0.138 0.206438009 -0.136375538 -0.064176843 0.0292522986 -211 178 -1
0 6.7304 5.9758 5.88375 0.138 0.774952009 0.254900113 0.0845032568 0.713716855 -211 179 -1
0 5.68492 8.5989 8.13168 0.138 0.53917814 -0.0465644394 -0.109713137 -0.507408955 -211 180 -1
0 3.14135 6.62067 4.37943 0.138 0.305404503 -0.000809903019 -0.237678327 0.133177578 -211 181 -1
0 4.90257 2.21913 7.25474 0.138 0.294327852 -0.179576684 0.124396915 0.140934405 -211 182 -1
0 0.670575 7.18546 5.23911 0.138 0.384978819 0.233458243 -0.086400366 0.259223681 -211 183 -1
0 9.43655 1.04113 3.03393 0.138 0.405231754 0.239967261 -0.223410744 0.194093089 -211 184 -1
0 9.145 1.551 9.08553 0.138 0.658574922 0.0583115644 -0.573552107 0.286905333 -211 185 -1
0 8.73333 4.16457 4.75071 0.138 0.911124668 -0.710458903 -0.0387586185 -0.552132302 -211 186 -1
0 7.14847 9.84944 4.22319 0.138 0.593216439 0.569255146 -0.00642976016 0.093642831 -211 187 -1
0 7.89584 4.13886 4.58422 0.138 0.191807801 0.0975048984 0.0828365606 -0.0371097207 -211 188 -1
0 4.57223 8.14499 7.80722 0.138 0.220263181 0.0352831931 -0.138972405 -0.094412054 -211 189 -1
0 7.93949 1.94496 1.5376 0.138 0.38318286 0.196191123 -0.186362773 -0.23358738 -211 190 -1
0 4.35117 2.7493 5.34946 0.138 0.323674135 0.177534683 0.208830501 0.102918433 -211 191 -1
0 1.15844 1.53244 1.14409 0.138 0.378922488 -0.0324776445 0.331892502 -0.11545918 -211 192 -1
0 3.0421 7.92284 8.14042 0.138 0.206621526 -0.0938793194 0.109214168 0.0539202547 -211 193 -1
0 5.13449 3.79653 2.27072 0.138 0.403152794 0.307553966 0.14402307 0.167797761 -211 194 -1
0 0.99335 4.2029 7.63915 0.138 0.201632702 -0.104740662 -0.101674124 -0.0174216151 -211 195 -1
0 1.03118 1.85234 9.84796 0.138 0.562489583 -0.426317043 0.338859524 0.0279022064 -211 196 -1
0 7.15008 7.82896 2.39984 0.138 0.494044096 0.207163096 0.385427692 -0.183206207 -211 197 -1
0 9.01223 3.10991 5.16174 0.138 0.176499179 0.0328642535 0.0632837566 0.0838037429 -211 198 -1
0 1.6893 8.52431 1.07427 0.138 0.209108533 -0.132172386 -0.0347127088 0.0775104289 -211 199 -1
0 7.34504 6.82984 8.44684 0.138 0.644314517 -0.373005599 0.45175714 -0.229955444 -211 200 -1
0 2.86097 9.57276 3.2267 0.138 0.682830347 -0.246361062 0.041441444 -0.620324203 -211 201 -1
0 6.0412 5.34483 5.52136 0.138 0.3976301 0.191714255 -0.00593996547 -0.319806282 -211 202 -1
0 1.47124 4.27808 1.02144 0.138 0.501895357 -0.271199989 -0.325930267 0.23038007 -211 203 -1
0 0.658437 4.36089 3.03601 0.821163 0.940470815 0.310994975 0.13133968 -0.310176174 -213 204 -1
0 2.08796 7.13133 6.64487 0.777034 0.802019268 0.0674219993 0.0200959511 0.185750552 -213 205 -1
0 3.00213 9.54091 2.68074 0.861024 1.09066993 0.0269727161 -0.648684628 0.163337573 -213 206 -1
0 9.28924 8.81157 1.38957 0.731854 0.920105911 0.129215128 -0.115314146 0.530085266 -213 207 -1
0 9.46941 7.7373 6.17804 0.747169 0.794875369 0.204798323 0.174262678 -0.0354402645 -213 208 -1
0 7.41112 0.39238 2.58306 0.724855 1.7138178 -0.97976709 1.20383306 -0.0509759837 -213 209 -1
0 4.97301 4.33613 2.27061 0.66949 1.45285402 0.37072587 -1.23280917 0.0728810309 -213 210 -1
0 9.7319 2.7904 5.77944 0.867531 1.22996339 0.786379104 -0.223810729 0.302846396 -213 211 -1
0 4.06052 8.77556 0.0995405 0.71979 0.826427569 -0.128626635 0.150736109 0.354426388 -213 212 -1
0 3.25924 0.899692 2.81692 0.83804 1.05598562 -0.543258708 -0.0566020468 0.338319331 -213 213 -1
0 9.61062 4.32251 5.47382 0.675622 1.08703008 -0.352782236 0.145218766 0.761331024 -213 214 -1
0 1.95861 8.92821 7.01995 0.84423 1.3592582 -0.473585189 0.755143683 0.583380585 -213 215 -1
0 1.16407 4.88656 5.35885 0.582268 0.862718236 -0.325988365 -0.37337554 -0.399461251 -213 216 -1
0 2.76892 7.20059 4.40996 2.06824 2.47596168 -0.233477988 -0.587046901 -1.20565971 -219 217 -1
0 0.589635 7.52495 5.11953 0.494 0.928165198 -0.645491375 0.254887831 0.368548115 -311 218 0
0 0.640635 7.57539 9.06522 0.494 0.892957507 -0.405049924 -0.106294819 0.614795153 -311 219 0
0 4.00249 8.67753 7.45891 0.494 0.872180693 -0.718383276 0.0194983438 -0.0144376388 -311 220 0
0 6.33968 1.8155 2.08535 0.494 1.10303825 -0.382711647 -0.581119404 0.698920173 -311 221 0
0 4.53217 0.583329 3.91333 0.494 0.589471669 -0.0329536008 0.289238119 0.136734119 -311 222 0
0 5.40664 0.663931 9.59325 0.494 1.18107174 0.483134429 -0.769701112 0.570119092 -311 223 0
0 9.26766 0.271255 4.38369 0.494 1.46075187 -1.12875507 0.393460304 0.678867439 -311 224 0
0 2.05126 2.15856 8.85409 0.494 0.662143175 -0.402996664 0.00611882011 -0.178756352 -311 225 0
0 3.13137 5.99683 0.815947 0.494 0.811385388 0.221889832 -0.0666299861 -0.600529429 -311 226 0
0 2.88825 2.78124 5.63325 0.494 0.629818034 0.237476712 0.209995995 -0.228344584 -311 227 0
0 2.17468 0.217796 8.64191 0.494 0.816522241 0.0445290873 0.625348642 0.172130204 -311 228 0
0 5.24069 3.56976 4.84981 0.494 0.519934075 0.0107411614 0.069987095 -0.14588309 -311 229 0
0 4.03919 4.80916 3.60099 0.494 0.573002142 -0.0496811666 0.203161768 -0.201376594 -311 230 0
0 5.17406 8.93549 2.97518 0.494 0.655877371 0.220294665 0.0118291069 -0.370768741 -311 231 0
0 2.96999 7.53168 2.67338 0.890608 1.11366165 -0.356444685 0.287445006 -0.487218223 -313 232 0
0 2.37114 5.55878 5.12655 0.870053 1.01257411 -0.418623214 0.0467840908 -0.301463202 -313 233 0
0 9.90153 5.70722 6.13786 0.948823 1.65640419 -1.14113971 0.0794849054 0.731362609 -313 234 0
0 0.639034 9.14204 9.73058 0.953717 1.15547616 0.643486707 -0.0565516795 0.0909685794 -313 235 0
0 3.07184 7.43385 1.36772 0.832192 1.00464184 0.422782635 0.0730737979 0.364247605 -313 236 0
0 4.61167 8.9672 0.687143 0.494 0.994971843 0.301989108 0.070878186 -0.80604704 -321 237 -1
0 5.00661 9.58585 0.701033 0.494 0.599740574 -0.0595340358 0.318226796 -0.104116097 -321 238 -1
0 9.80984 1.564 7.03197 0.494 1.61551647 -1.25913173 0.823253308 0.320466448 -321 239 -1
0 3.11691 3.39539 4.64137 0.494 0.989808789 0.509875294 -0.455953169 0.517512639 -321 240 -1
0 4.56075 6.9783 9.97745 0.494 0.863759251 -0.165978319 -0.628019962 0.282994996 -321 241 -1
0 8.91757 3.17054 9.04126 0.494 0.591364367 -0.203855967 -0.229647038 -0.106680818 -321 242 -1
0 1.8417 4.37135 1.68337 0.494 0.891015947 -0.358892862 0.505076689 0.407390315 -321 243 -1
0 8.96244 7.65093 1.07924 0.494 0.576362916 -0.241382858 -0.0663822323 0.159643119 -321 244 -1
0 4.67017 4.50043 3.06013 0.494 0.5577708 0.256362469 0.0197240967 0.0310082202 -321 245 -1
0 4.76954 5.22383 0.574868 0.494 0.753490245 -0.294194578 -0.141663717 0.465931852 -321 246 -1
0 5.93404 6.01787 3.63448 0.494 0.651454794 0.093224323 0.352069702 0.218434199 -321 247 -1
0 8.95371 0.741626 6.57978 0.494 0.78746857 0.1609718 -0.565764079 -0.173406563 -321 248 -1
0 0.25181 1.99871 1.18519 0.494 0.587686042 -0.132501488 -0.229998564 0.175735313 -321 249 -1
0 9.4421 9.23448 1.32327 0.8501 0.886981875 0.00560402006 -0.0339017504 -0.250771216 -323 250 -1
0 1.53435 3.43975 8.1623 0.896684 1.11687821 -0.0228571979 -0.093989072 0.65880002 -323 251 -1
0 4.95972 6.54888 3.66996 0.874456 1.03302824 0.134202173 -0.532460494 -0.0308209962 -323 252 -1
0 3.97411 1.60795 0.3768 0.926988 0.982533902 -0.183221341 0.195722297 0.184904352 -323 253 -1
0 3.1471 5.55743 1.18161 0.842549 1.35467471 -0.541483337 0.90930083 -0.0722668333 -323 254 -1
0 4.46966 3.10397 6.4683 0.888958 1.27711132 0.836562873 -0.175346229 -0.331938798 -323 255 -1
0 3.03875 5.49668 3.49841 0.996405 1.04079887 -0.143481533 0.166115732 0.205569165 -323 256 -1
0 6.86986 5.05794 6.76068 0.938 1.10449788 0.524595085 -0.253619403 0.0234258512 -2112 257 0
0 5.67243 2.13226 2.89861 0.938 1.10380345 0.350481175 -0.0810391432 -0.457311344 -2112 258 0
0 5.16322 6.8276 3.95047 0.938 1.08602232 0.524566304 0.0977399931 -0.121973592 -2112 259 0
0 5.36371 4.08256 1.27748 0.938 1.47207867 -0.867074943 0.242652844 -0.690269684 -2112 260 0
0 4.05698 1.18835 3.45677 1.20081 1.27852499 0.390844156 0.0156476846 -0.19919218 -2114 261 0
0 2.59085 3.12127 8.34231 0.938 1.08538843 -0.317878397 0.0370733768 -0.442496258 -2212 262 -1
0 7.22876 5.49283 5.21959 0.938 0.989544504 -0.0592151585 -0.155053432 -0.267967021 -2212 263 -1
0 1.3071 4.59929 4.4558 0.938 0.995204143 -0.0217134079 -0.167398473 -0.286519747 -2212 264 -1
0 8.01655 2.35637 3.88221 0.938 1.07677013 0.36764138 0.33392871 0.181442425 -2212 265 -1
0 2.94314 0.910836 4.16045 0.938 0.991293038 0.272508019 -0.167875851 0.0193640536 -2212 266 -1
0 7.38089 6.9579 0.715411 1.16267 1.21355523 -0.0680079669 0.202319894 0.27450968 -2224 267 -2
0 4.07289 3.46967 4.90518 1.189 1.53800101 0.952556976 0.198649124 0.069998906 -3222 268 -1
0 7.62649 3.26854 5.7986 1.189 1.20524052 -0.141006474 -0.0829999031 -0.11005407 -3222 269 -1
0 8.83159 7.42004 5.86382 1.189 1.85964203 1.12976447 -0.844487764 0.23456376 -3222 270 -1
0 7.48261 9.11314 6.91797 1.58531 1.95198881 -0.395907304 -0.960206422 0.467235929 -30323 271 -1
0 0.678853 6.2039 7.60765 0.974216 1.0384558 0.260795312 -0.112813423 -0.220344714 -9000211 272 -1
# event 1 end 0 impact   0.000 scattering_projectile_target no
# event 2 out 273
0 2.63398 1.58245 6.02368 0.138 0.170676821 0.0754208346 -0.0563281729 -0.0350058823 111 0 0
0 1.89043 4.70941 2.47925 0.138 0.610494101 0.519955307 -0.104790495 0.268932107 111 1 0
0 7.64949 4.83155 0.212772 0.138 0.824226822 0.225464538 -0.279375197 -0.728986347 111 2 0
0 1.45065 0.339905 9.02838 0.138 0.371334345 -0.0264232357 0.035654413 -0.341870986 111 3 0
0 2.52316 4.49954 3.4844 0.138 0.682985256 -0.413731401 0.258806446 -0.45746083 111 4 0
0 2.02473 4.90262 0.830346 0.138 0.473275171 -0.147787249 -0.0347935581 0.426490006 111 5 0
0 1.9924 3.15205 2.14336 0.138 0.642347661 0.145210031 0.550683439 -0.263112741 111 6 0
0 7.85026 3.76412 3.53103 0.138 0.263440578 -0.0428922456 -0.0624440019 -0.211229591 111 7 0
0 1.51498 9.06976 9.79706 0.138 0.323376225 0.14636164 -0.253165351 0.00370924842 111 8 0
0 9.79023 1.84525 4.07832 0.138 0.870305353 0.14801744 0.845324963 0.0436342943 111 9 0
0 4.45659 4.77061 1.61946 0.138 0.722994178 -0.661266064 0.194220531 -0.169358079 111 10 0
0 2.9346 6.3828 9.20711 0.138 0.157488195 -0.016405726 0.00927674947 0.0735073167 111 11 0
0 7.08042 9.64427 4.34802 0.138 0.363642529 -0.321802179 0.0927609756 0.0321037021 111 12 0
0 7.6855 9.94662 1.66806 0.138 0.466916189 -0.368753711 0.13075406 -0.214221392 111 13 0
0 5.79616 1.25045 5.60501 0.138 0.227809479 -0.0414105018 0.160650246 0.0730056698 111 14 0
0 6.437 9.84018 8.06925 0.138 0.464503735 -0.0899841754 0.362631377 0.23900011 111 15 0
0 6.28912 3.34091 7.35073 0.138 0.548488642 0.527804964 -0.0563059764 -0.00688091488 111 16 0
0 0.601452 2.72645 4.79049 0.138 0.290399599 -0.023547483 -0.173413237 0.186175435 111 17 0
0 0.170325 0.256611 2.43689 0.138 0.269039884 0.0139480631 -0.210723762 0.0934847942 111 18 0
0 7.70613 7.14756 8.52805 0.138 0.445201245 -0.0416454338 -0.421195657 0.00447492634 111 19 0
0 5.83131 7.49122 3.97485 0.138 0.273933235 0.129237135 -0.0681091568 -0.186156716 111 20 0
0 1.96707 9.57521 7.27245 0.138 0.521282545 -0.410666763 -0.289880667 -0.00367429886 111 21 0
0 9.59053 0.320628 6.13669 0.138 0.4632474 -0.0639289946 0.435450344 0.0430143575 111 22 0
0 4.03823 4.35445 9.57661 0.138 0.743239527 0.279355228 0.594270668 0.319631075 111 23 0
0 1.62287 7.52742 6.6221 0.138 0.407708933 -0.28031227 0.234055643 0.117582148 111 24 0
0 3.11587 2.88478 1.17964 0.138 0.552475037 0.234375273 -0.102282771 0.469884169 111 25 0
0 7.08251 2.41828 6.28103 0.138 0.316127169 -0.0641976372 -0.19284835 -0.198948648 111 26 0
0 8.06812 1.49624 1.3265 0.138 0.573582057 0.33935484 -0.277652051 0.343074347 111 27 0
0 6.85638 4.52976 0.893413 0.138 0.256763348 -0.180325482 0.114910959 -0.0340823849 111 28 0
0 3.31201 8.38877 8.48796 0.138 0.822799363 0.605533472 -0.529497642 0.104480873 111 29 0
0 3.53975 9.60299 3.62327 0.138 0.449122039 0.382854294 -0.033019103 -0.187080021 111 30 0
0 0.192806 2.08919 1.12099 0.138 0.565316111 0.403856773 0.227045936 -0.29306681 111 31 0
0 5.18203 2.46835 8.18806 0.138 0.461475361 0.165219981 -0.314760693 -0.259891464 111 32 0
0 1.15042 4.32727 3.59377 0.138 0.258100325 -0.0427247851 0.0911733163 -0.193478156 111 33 0
0 8.48572 9.65191 0.913377 0.138 0.375624268 0.119569652 0.189594016 0.267967905 111 34 0
0 9.34168 5.38116 7.13352 0.138 0.881918518 0.301026785 -0.292669078 -0.763193264 111 35 0
0 9.61664 5.75738 8.02792 0.843364 0.895480654 0.0575482107 -0.0799888078 0.284450585 113 36 0
0 6.943 3.9388 1.35183 0.737044 0.836021818 -0.315748872 -0.216153104 -0.0963276422 113 37 0
0 4.78914 4.78834 9.49023 0.717702 0.895804209 0.0947684362 0.327881722 -0.413378763 113 38 0
0 3.70871 9.62647 3.55466 0.709924 1.08888171 -0.0519868464 0.553120253 0.610758638 113 39 0
0 3.77902 6.98595 5.73827 0.740847 0.784717319 0.108329919 -0.160922645 -0.171160778 113 40 0
0 9.76425 1.44869 6.41295 0.753373 0.981469053 -0.43119685 -0.181757676 -0.420409984 113 41 0
0 5.28481 8.43706 5.17975 0.459343 0.71910162 -0.452706485 -0.279936581 -0.151007183 113 42 0
0 7.51986 5.63299 5.1985 0.71624 0.9411369 -0.574408896 0.200119661 -0.0524015156 113 43 0
0 4.25194 6.63328 1.17444 0.790218 0.927398783 -0.230910889 -0.091190348 0.417118659 113 44 0
0 1.31254 1.65699 3.83109 0.801263 1.04154315 -0.0481301035 -0.21548824 0.627724719 113 45 0
0 6.32848 9.16609 9.26721 0.659061 0.801603914 -0.0760762887 -0.44536133 0.0638190704 113 46 0
0 6.77548 0.436129 5.66482 1.31773 1.77702921 -0.218759549 -1.08678717 0.438714591 115 47 0
0 8.70581 1.58305 0.196928 1.16783 1.39833837 -0.601063485 0.473546016 -0.0775181489 115 48 0
0 7.61442 0.602018 6.90796 0.138 0.17578916 -0.0876541771 -0.0200695173 0.0614148881 211 49 1
0 2.91175 6.89737 4.89295 0.138 0.489808552 0.358223644 -0.273138834 -0.133938108 211 50 1
0 3.38654 4.62737 7.08315 0.138 0.301740978 0.247994837 -0.0228514632 0.0998998983 211 51 1
0 3.9201 0.419902 4.57969 0.138 0.247897586 0.123047591 -0.0298542953 -0.162410666 211 52 1
0 1.05066 1.32729 2.12062 0.138 0.6508376 0.380616232 0.271701403 -0.431109282 211 53 1
0 5.62868 0.985762 9.94143 0.138 0.38760023 -0.358229165 0.0454572002 0.0282036709 211 54 1
0 7.16325 2.56192 9.30206 0.138 1.0079968 0.575235705 -0.49071452 -0.652163082 211 55 1
0 4.91838 4.89822 8.29629 0.138 0.52245525 0.288389972 -0.340966876 0.233427296 211 56 1
0 2.64312 6.9306 2.31544 0.138 0.177181172 -0.0173729072 -0.0207775384 -0.107775896 211 57 1
0 0.477641 8.48548 3.79921 0.138 0.743489952 0.680449919 -0.199069275 -0.176331054 211 58 1
0 1.0091 3.30371 6.64582 0.138 0.760079626 -0.698063649 -0.259117695 0.0651321774 211 59 1
0 7.90238 2.22211 3.59102 0.138 0.642487892 0.27501952 0.422702027 0.373408559 211 60 1
0 7.60136 9.01021 2.95092 0.138 0.675089126 -0.636062319 0.0851295231 0.157730844 211 61 1
0 7.18097 1.54836 2.21206 0.138 0.959256423 0.411041964 0.405359613 0.753562853 211 62 1
0 3.56322 2.56094 6.0324 0.138 0.370687502 0.0822578432 -0.317657567 -0.103404747 211 63 1
0 9.66724 1.5345 8.35753 0.138 0.484374649 0.354543407 -0.244648351 -0.173265568 211 64 1
0 1.73723 0.666101 8.26884 0.138 0.325685986 0.137553527 -0.255600819 -0.0526745692 211 65 1
0 9.70204 8.75229 0.163708 0.138 0.1623738 0.0746722525 0.0282140419 0.0308102818 211 66 1
0 4.43735 2.38578 1.92663 0.138 0.350622648 0.277117047 -0.155267929 -0.0546832122 211 67 1
0 5.89978 0.234039 9.77444 0.138 0.287031832 -0.0284641038 -0.240195982 0.0695626169 211 68 1
0 9.308 5.7262 4.66946 0.138 0.211213779 -0.040266169 0.101466236 -0.11683535 211 69 1
0 3.48017 8.78356 3.62648 0.138 0.349687657 0.200213551 -0.0256714008 -0.24998594 211 70 1
0 6.2646 9.92419 9.8804 0.138 0.63231663 0.212105134 -0.571527759 0.0956438899 211 71 1
0 2.79773 1.05585 8.21408 0.138 0.437929124 0.147109894 -0.0202823092 -0.388181948 211 72 1
0 8.8946 7.21655 5.81665 0.138 0.392739812 0.0704127218 -0.265673939 -0.244253899 211 73 1
0 3.18267 2.83338 0.711551 0.138 0.469782757 0.316014851 0.0788837232 -0.309133969 211 74 1
0 6.27813 3.29184 0.491144 0.138 0.258834469 0.187978789 -0.00928111844 0.111933543 211 75 1
0 6.78893 5.67477 7.82307 0.138 1.33535949 -0.738832288 0.442876608 -1.01100352 211 76 1
0 7.43371 1.65091 7.04007 0.138 0.729631363 0.19128224 0.264382988 -0.637832789 211 77 1
0 3.17695 5.91857 1.332 0.138 0.209559388 -0.083531235 -0.0102479772 0.133374093 211 78 1
0 9.71122 1.39675 4.41152 0.138 0.527065353 -0.377691313 0.292481334 -0.174807974 211 79 1
0 8.45879 1.06872 4.06599 0.138 0.870104912 -0.109083409 0.792084989 -0.314230392 211 80 1
0 9.84269 1.87437 3.48907 0.138 0.164468271 0.0428520161 -0.0752150103 0.0226322602 211 81 1
0 7.84666 9.54404 8.05683 0.138 0.780199199 0.0686793605 -0.600152815 -0.474095491 211 82 1
0 0.687574 9.01235 1.35715 0.138 0.283051323 -0.047358864 0.162841109 -0.179760848 211 83 1
0 3.14504 8.12793 7.57276 0.138 0.368107017 0.155498916 -0.13348313 0.272875644 211 84 1
0 8.57207 2.35737 5.5514 0.138 0.421326027 0.32096767 -0.112765478 0.206725234 211 85 1
0 4.78359 7.89189 2.82628 0.138 0.462922789 0.0455520595 0.281184984 0.337806932 211 86 1
0 9.19575 1.93698 3.99083 0.138 0.381457412 0.212575252 -0.112840475 -0.261810135 211 87 1
0 9.2861 0.786298 7.22362 0.138 0.291169335 -0.00980515301 -0.0200781614 0.255413994 211 88 1
0 6.61645 3.32133 4.92909 0.138 0.310936599 0.0701246264 0.00167463651 0.269661456 211 89 1
0 9.1612 7.26471 6.82087 0.138 0.319626478 0.064933698 -0.155582408 -0.233869226 211 90 1
0 9.5769 4.86197 9.81357 0.138 0.456139379 0.110719074 -0.388397633 0.160958687 211 91 1
0 1.20186 1.88369 5.1098 0.138 0.556141271 -0.361667183 -0.136967365 0.375081195 211 92 1
0 1.61054 7.32532 6.95577 0.138 0.249743451 -0.0430334725 0.189672327 -0.0741641432 211 93 1
0 2.97144 8.2423 0.667738 0.520526 0.704504568 -0.10700796 0.050124567 0.459800574 213 94 1
0 4.60705 4.25747 1.08017 0.814177 0.855114367 -0.213978283 -0.0714531175 -0.132076619 213 95 1
0 5.14484 7.29699 7.11957 0.813608 1.3870278 0.336725687 -0.968396198 0.459033905 213 96 1
0 9.90519 3.04359 8.59469 0.798212 1.42556571 0.657129181 0.662676709 -0.723972349 213 97 1
0 4.37113 4.11923 3.97639 0.824803 0.876759643 -0.294615965 0.0293166544 -0.0273697315 213 98 1
0 2.59384 7.68591 1.04116 0.755763 1.32133279 -0.258115768 0.672795452 -0.809608472 213 99 1
0 5.7018 4.98368 7.79691 0.679813 0.920002926 -0.300659081 -0.193374702 -0.506429322 213 100 1
0 4.41495 2.1275 5.00355 0.848575 0.949446049 0.182403452 0.0766314474 0.377126539 213 101 1
0 5.61871 3.19955 4.63743 0.597422 0.918127427 -0.475799894 0.368073912 -0.352393601 213 102 1
0 4.45995 1.50676 7.02666 1.87813 2.1550241 0.966601202 0.182058363 0.38637666 217 103 1
0 8.84886 6.31334 3.75136 0.548 0.75720013 0.26175556 0.442353385 -0.0941039119 221 104 0
0 5.82767 3.01494 7.75745 0.548 0.916252338 0.415943392 0.549136104 -0.254273436 221 105 0
0 8.87162 5.14249 0.883178 0.548 0.770859795 -0.141872873 0.344827993 -0.393556306 221 106 0
0 0.123415 3.37987 7.3362 0.548 0.77190214 -0.39883568 0.0392800358 0.367309261 221 107 0
0 7.9685 4.95007 6.10739 0.548 1.15006026 -0.0577779239 -1.00935286 -0.0142519172 221 108 0
0 1.28695 4.03709 5.38436 0.548 1.44980765 1.05086128 0.807930007 0.211134803 221 109 0
0 6.96406 2.29485 3.03875 0.548 0.55778798 0.0601969658 -0.0536205287 -0.0657616544 221 110 0
0 2.60701 4.62948 7.09289 0.786409 1.21095468 -0.188537232 0.887256123 0.158753035 223 111 0
0 0.259989 3.36333 3.12295 0.782263 1.09585032 0.495610342 -0.502011295 0.30217117 223 112 0
0 5.25607 2.15435 7.97855 0.784899 0.891030953 0.144563221 -0.393989383 -0.0417468276 223 113 0
0 0.485419 3.04555 1.3626 0.794333 0.882859108 0.0662620799 -0.361699608 0.115140173 223 114 0
0 1.25052 8.59619 2.03897 0.787479 1.1145723 0.0910994778 -0.362075413 -0.694802863 223 115 0
0 0.31284 3.67017 4.02133 1.39398 1.84710567 -0.0113655775 -0.830408886 -0.882555538 225 116 0
0 5.23791 5.83327 7.92224 0.494 1.06042944 0.399860899 0.320614454 0.785997602 311 117 0
0 1.86518 7.09341 2.70472 0.494 1.41948987 0.425030498 1.23545765 -0.252802217 311 118 0
0 1.8746 2.27105 4.46009 0.494 0.59405181 -0.251641045 -0.182267835 -0.110980963 311 119 0
0 2.40072 3.22787 1.32552 0.494 0.549528577 0.0766181903 0.0901845726 0.209623597 311 120 0
0 9.04671 6.5517 9.07692 0.494 0.821738722 -0.428536615 0.485865139 0.107284496 311 121 0
0 8.51095 5.38592 4.94337 0.494 1.13027233 0.804274223 -0.259907452 -0.564863368 311 122 0
0 5.81907 0.369842 8.45896 0.494 0.6271475 -0.265710607 0.202209531 0.194389212 311 123 0
0 2.612 1.26393 3.33311 0.987969 1.26027884 0.284276408 0.583962657 0.436342985 313 124 0
0 1.74341 1.71029 3.42146 0.787722 0.98002649 -0.312880341 -0.411536918 0.26960989 313 125 0
0 9.284 4.24375 0.712476 0.873816 1.35095613 -0.669824124 -0.406182847 0.669237521 313 126 0
0 0.608246 1.49424 7.84559 0.872012 1.0766056 0.207750965 -0.593943249 0.0523937012 313 127 0
0 2.0567 1.44718 9.6925 0.858313 1.0761088 0.124287488 -0.407938874 0.489334424 313 128 0
0 7.03156 1.61783 5.68417 1.4882 1.61972301 -0.560360254 -0.301961266 0.0598179883 315 129 0
0 9.4208 2.46707 3.79763 0.494 0.640716047 0.0142252318 0.0356431349 0.406212091 321 130 1
0 5.07303 9.64751 9.52271 0.494 0.548016329 -0.184881523 -0.1316947 0.069001629 321 131 1
0 9.87167 2.81746 0.241395 0.494 1.03531339 0.280501494 -0.865449378 0.0124140116 321 132 1
0 5.83095 0.770986 1.85569 0.494 0.662188488 -0.42391346 -0.0603163625 -0.105436755 321 133 1
0 8.28362 5.82348 3.09219 0.494 0.588765665 -0.125790507 0.137422765 -0.260577706 321 134 1
0 1.283 3.22971 7.44569 0.494 0.751977809 0.451413798 -0.342734815 -0.0138943806 321 135 1
0 0.225007 8.1916 4.90853 0.494 0.840646387 0.534450879 -0.279618172 -0.314366479 321 136 1
0 8.67683 4.34477 8.01429 0.95689 2.04391822 -0.289711397 0.0499109861 1.78200427 331 137 0
0 3.6554 4.05044 5.66586 1.02159 1.12822291 0.269704504 0.3853707 -0.0894072027 333 138 0
0 4.65453 1.78562 4.15701 1.02396 1.16121919 0.382581004 -0.0436235921 0.389451884 333 139 0
0 6.07511 5.15115 3.84226 1.02092 1.02345342 -0.0310145458 0.064433052 -0.0081934689 333 140 0
0 7.53152 4.43864 3.10119 1.0114 1.14629015 0.27144886 -0.258066837 0.388299505 333 141 0
0 8.66426 6.64075 8.44777 1.2 1.57744458 -0.175762058 -0.625917796 -0.790985951 1114 142 -1
0 3.73279 4.28298 8.30199 1.2404 1.28768556 -0.165940633 -0.15502567 -0.260730182 1114 143 -1
0 3.39731 2.81434 7.63908 1.29546 1.50107683 -0.14599209 -0.148672516 0.729115799 1114 144 -1
0 6.49877 0.835857 2.12065 0.938 1.1082704 0.493445036 -0.00774567515 0.323838355 2112 145 0
0 3.10424 0.389887 4.63918 1.15832 1.28155779 -0.441512441 -0.148348504 -0.289385822 2114 146 0
0 9.09539 1.40276 7.82395 1.32166 1.71217803 0.136739692 -0.110815853 -1.07414637 2114 147 0
0 8.98275 9.00629 5.11993 1.44778 1.46760527 -0.037253687 0.237496647 -0.00126315311 2124 148 1
0 6.20352 9.63696 4.197 0.938 1.1872461 -0.235845274 0.179928435 0.664614232 2212 149 1
0 7.45767 8.10966 2.11793 0.938 0.968708511 0.195725565 -0.00501238785 0.142191976 2212 150 1
0 0.273419 9.67873 1.04157 0.938 1.5438372 0.099487286 0.0802885422 -1.21952669 2212 151 1
0 2.56644 1.53084 4.83816 1.97294 2.16327676 -0.598332516 -0.1543057 0.636772632 2218 152 1
0 5.32742 8.17219 7.44625 1.189 1.64109053 -0.988755787 -0.539725964 0.102542623 3112 153 -1
0 1.71024 2.55996 3.68272 1.34474 1.48456457 0.367135206 -0.481876503 -0.169136633 3214 154 0
0 0.936014 6.64328 2.37151 1.318 1.34060401 0.0120571354 -0.185167224 -0.160196216 3312 155 -1
0 4.86015 8.42502 2.32887 1.18364 1.30619361 -0.148399136 -0.276357616 0.454677127 10115 156 0
0 2.87164 3.42145 9.85321 1.15826 1.26920463 -0.426060079 0.219162382 -0.199365864 10213 157 1
0 7.68878 4.51081 5.32787 1.22421 1.75577705 -1.10701706 -0.0287409341 0.598126405 10323 158 1
0 4.06862 0.988888 1.57166 0.975042 1.27033194 -0.507754802 -0.559821896 -0.303018165 20213 159 1
0 5.33983 6.25908 8.3134 1.31731 1.40728706 0.289687828 -0.245341523 0.317856954 20223 160 0
0 6.27461 2.01746 1.76436 1.52766 1.63306484 -0.117324526 0.560052563 0.0756958378 30323 161 1
0 6.96646 8.91555 4.14398 1.65543 2.04675497 -0.483350656 -0.133577475 1.09420806 31214 162 0
0 9.28062 9.23941 3.09531 1.44846 1.70762613 0.437560478 0.646642805 0.456445903 32124 163 1
0 0.461908 7.5163 6.47901 1.67606 1.84763852 -0.339628609 -0.169287754 0.678665371 33122 164 0
0 2.16067 1.04226 0.798561 1.25959 1.35822166 -0.0937671743 -0.0126185497 -0.499253164 100223 165 0
0 1.63892 9.78116 1.39051 1.47985 1.59981082 0.0832918627 0.582719528 0.151483813 100333 166 0
0 1.22906 6.26746 8.473 1.26535 1.42276765 -0.466266507 -0.102686866 0.441821937 9000213 167 1
0 9.79779 3.82729 1.48776 0.604233 0.802919896 0.238516932 0.303160171 0.361644068 9000221 168 0
0 6.97244 5.04756 2.73657 0.138 0.655048185 0.330265618 0.523247044 -0.164867453 -211 169 -1
0 1.35653 9.82429 4.4925 0.138 0.285571164 -0.104617422 -0.0201967318 -0.226172891 -211 170 -1
0 5.40085 2.59604 8.7988 0.138 0.421413992 -0.155356632 -0.0705459507 -0.359768451 -211 171 -1
0 4.99591 4.42071 4.89794 0.138 0.234953858 -0.112725106 0.0411903579 0.147498205 -211 172 -1
0 8.68723 5.95516 0.538622 0.138 0.214745932 0.0272142372 -0.0441393803 0.156150299 -211 173 -1
0 7.34077 9.17612 4.61098 0.138 0.593114836 -0.381709374 0.230319938 -0.366049025 -211 174 -1
0 9.68199 8.27007 4.42984 0.138 0.977965504 -0.605872782 -0.744563298 0.126159398 -211 175 -1
0 0.512385 1.95617 7.93747 0.138 0.618995279 -0.568087742 -0.0870073436 0.18389452 -211 176 -1
0 7.37722 2.61665 7.26014 0.138 0.520531619 -0.369189945 0.18937246 -0.282393382 -211 177 -1
0 0.424723 0.0158384 0.555787 0.138 0.408415479 -0.235006103 0.249277391 0.174333352 -211 178 -1
0 0.986809 6.58854 5.40323 0.138 0.453477645 0.129927702 0.177679756 0.371680873 -211 179 -1
0 7.09813 3.56224 7.90417 0.138 0.420300992 0.302205074 -0.256744251 -0.0190632428 -211 180 -1
0 7.29411 1.5392 0.819473 0.138 0.44535209 0.120361846 -0.395711227 -0.0906649619 -211 181 -1
0 7.89607 8.04969 3.44671 0.138 0.1563942 -0.0274263511 -0.0675189226 0.0102047132 -211 182 -1
0 2.92603 2.95339 7.01019 0.138 0.644486611 0.139680379 -0.02523948 0.613328095 -211 183 -1
0 6.10481 3.86193 8.19394 0.138 0.794392188 0.179067607 0.485224945 -0.586946756 -211 184 -1
0 2.41465 6.06653 9.35925 0.138 0.899293801 -0.555510958 -0.482128865 -0.498642833 -211 185 -1
0 1.72144 3.57499 6.75025 0.138 0.506228608 0.290071505 0.341203954 0.19147268 -211 186 -1
0 5.71543 3.93416 8.63204 0.138 0.327834421 0.00836318651 0.217315047 0.202819218 -211 187 -1
0 0.620744 5.86476 0.620056 0.138 0.23297695 -0.1284933 0.136704948 0.00595720489 -211 188 -1
0 6.01691 5.10862 9.8322 0.138 0.327152237 0.0252306249 0.0701175436 -0.28710892 -211 189 -1
0 4.41915 9.30616 1.41305 0.138 0.426011198 0.120911339 0.380451109 -0.0554882143 -211 190 -1
0 9.21225 9.856 9.38637 0.138 0.327385252 0.173171786 -0.213760787 0.1116018 -211 191 -1
0 1.33109 6.12495 2.74135 0.138 0.174373389 0.0882164758 -0.0592380074 0.00841371292 -211 192 -1
0 2.09205 7.88437 7.09275 0.138 0.409359614 0.324624941 -0.202865357 0.0446720076 -211 193 -1
0 5.26654 5.42475 4.99841 0.138 0.308530613 0.262705593 -0.0771492723 0.0343642318 -211 194 -1
0 8.22122 3.6375 1.67093 0.138 0.861395486 0.111003339 0.476147316 0.695643712 -211 195 -1
0 7.68058 3.51574 6.00505 0.138 0.412730141 -0.290535846 -0.206364428 0.155900015 -211 196 -1
0 0.847317 4.06412 9.13037 0.138 0.276794813 -0.207400803 -0.0240887769 0.118220159 -211 197 -1
0 3.41884 6.99855 9.78077 0.138 0.258337096 0.103300344 0.0272327954 0.190476951 -211 198 -1
0 7.34257 6.88809 9.66225 0.138 0.398626001 -0.144850662 -0.288606227 0.188635682 -211 199 -1
0 0.471169 0.764976 2.92189 0.138 0.47957447 0.440592949 -0.0932787922 -0.0901365212 -211 200 -1
0 1.5631 5.85815 1.25783 0.138 0.303684348 -0.100535326 -0.19248935 0.161309273 -211 201 -1
0 0.555082 4.10842 6.09003 0.138 0.259617991 -0.0025867741 -0.219509907 -0.0128922771 -211 202 -1
0 0.709584 2.6499 5.36573 0.138 0.594321554 0.511980516 0.0760226631 -0.257430798 -211 203 -1
0 3.27553 7.02474 2.53062 0.138 0.330925246 0.269758228 0.00124854692 0.133028035 -211 204 -1
0 3.15293 4.42209 9.05862 0.138 0.305750331 0.177365228 0.152362298 -0.140593638 -211 205 -1
0 5.78913 7.3177 4.99435 0.138 0.488383791 -0.0654295899 -0.140596978 0.44207034 -211 206 -1
0 7.26414 8.93015 8.80058 0.138 0.971826977 -0.163290884 0.263536146 -0.910652765 -211 207 -1
0 8.9339 3.2596 6.96565 0.138 0.770602549 0.344525929 0.436805195 0.515060573 -211 208 -1
0 2.71342 7.84958 7.48384 0.505073 0.887088694 0.656216583 0.179153615 -0.262890703 -213 209 -1
0 7.08051 8.08287 9.07848 0.675268 0.908479707 -0.462649024 0.287384645 0.269656574 -213 210 -1
0 3.45053 2.12333 8.41847 0.771719 1.26427089 0.765609832 -0.153695214 0.626937335 -213 211 -1
0 3.05707 2.5976 3.4413 0.859555 1.33190536 0.659887127 -0.741129945 0.224526786 -213 212 -1
0 4.55012 3.76534 8.3841 0.750542 0.944888996 -0.244828997 0.450093778 -0.258796613 -213 213 -1
0 0.942933 1.12195 8.47 0.705715 0.821625561 -0.202392148 0.227823836 -0.290117892 -213 214 -1
0 3.11263 5.33838 1.68191 0.645229 0.770469956 0.159328186 -0.348930154 0.173683419 -213 215 -1
0 1.2776 8.13093 5.72829 0.948566 1.13100114 -0.0632988119 -0.573202586 -0.216375759 -213 216 -1
0 1.68964 1.7462 9.5315 0.911336 1.10570541 0.189943783 0.0705951408 0.592442351 -213 217 -1
0 1.55581 8.81223 7.07713 0.675034 0.859315889 -0.24398203 0.204084827 -0.42611606 -213 218 -1
0 3.57383 3.34497 0.460254 0.771648 1.05505908 0.469754714 -0.109793781 -0.533839944 -213 219 -1
0 9.50923 0.462406 4.87921 0.499614 0.844836806 -0.252068738 0.154394848 -0.613806382 -213 220 -1
0 7.97625 9.09964 0.915179 1.26458 1.31985636 0.00188475678 -0.0876295013 -0.367651747 -215 221 -1
0 6.76926 6.63065 7.26358 0.494 1.39631295 0.239907684 -0.582484326 1.14403241 -311 222 0
0 5.07246 1.48001 5.85786 0.494 0.756331467 -0.567639752 -0.0760107022 -0.00296196512 -311 223 0
0 8.7348 2.8424 4.32446 0.494 0.630643641 0.244604741 0.219718742 -0.213465682 -311 224 0
0 7.26324 7.46514 3.23769 0.494 1.08347188 -0.415652345 -0.801803069 0.337964913 -311 225 0
0 9.83137 3.53356 8.51297 0.494 0.989858928 0.399302834 0.757591494 0.0489599094 -311 226 0
0 7.2757 1.58893 3.303 0.494 1.15086371 0.454954509 -0.455901695 -0.815856186 -311 227 0
0 9.88725 5.82926 8.80277 0.494 0.660355785 0.43815065 -0.00555426552 -0.00518856651 -311 228 0
0 7.44316 2.89685 6.27903 0.494 0.846678715 0.0465469621 0.512541632 0.456029936 -311 229 0
0 6.22038 7.3484 4.16601 0.494 0.797945003 -0.453002047 -0.253360225 -0.351109625 -311 230 0
0 9.3075 4.24347 6.69777 0.494 0.670680697 0.0937150776 -0.0841340575 0.435793003 -311 231 0
0 9.15679 9.99541 1.52073 0.494 1.66037728 -1.40791569 0.700890106 -0.198351202 -311 232 0
0 8.79913 2.90706 9.96136 0.494 0.726435912 0.37725377 -0.139452708 -0.349149923 -311 233 0
0 5.06998 3.40223 8.33062 0.911903 1.20361372 -0.649531542 0.398080632 -0.191726416 -313 234 0
0 3.50072 1.69062 8.31506 0.887697 1.01825983 -0.231873861 -0.143040802 -0.417875901 -313 235 0
0 7.60726 9.9272 3.99516 0.813069 0.861291186 0.129284918 0.0770657528 0.241014806 -313 236 0
0 9.64187 1.69667 8.06457 1.02608 1.45336739 -0.861535949 0.332748683 -0.454398285 -313 237 0
0 0.47185 7.84963 0.449386 0.886694 1.00792351 0.156425423 0.451063076 0.0419044309 -313 238 0
0 7.69024 9.06104 9.47124 0.494 1.15723432 -0.119413254 -0.254073317 -1.00813814 -321 239 -1
0 0.850621 2.89997 1.26641 0.494 0.680887492 -0.201361249 0.222885219 -0.359649279 -321 240 -1
0 0.448725 9.65401 3.92124 0.494 0.77693049 0.0987499887 0.0829256332 -0.585625107 -321 241 -1
0 3.86635 5.63711 3.76184 0.494 1.17621789 -0.276552863 -0.0761664241 1.02818758 -321 242 -1
0 2.14938 9.94485 8.59441 0.494 0.561701794 0.0710405852 0.15388398 0.206750722 -321 243 -1
0 2.10849 4.50351 4.99547 0.494 0.968737957 -0.170027171 0.814472459 0.0462882668 -321 244 -1
0 4.43134 7.76982 4.7436 0.494 0.651132151 0.0238173028 -0.368446435 -0.208846929 -321 245 -1
0 5.54878 7.06757 7.42913 0.494 0.912945557 -0.528226298 0.286656707 0.477743133 -321 246 -1
0 6.5797 0.66836 5.64192 0.494 0.792163028 0.261996799 0.559087328 -0.0475951633 -321 247 -1
0 5.53028 8.9673 6.54472 0.494 0.708242796 -0.206260966 0.104384742 -0.451809802 -321 248 -1
0 0.132856 6.83029 0.504901 0.494 0.615434991 0.01780408 0.00324143501 -0.366601604 -321 249 -1
0 8.21822 1.40954 3.29484 0.494 0.623301973 -0.104839527 0.352368367 -0.09651195 -321 250 -1
0 9.41332 9.72762 0.835895 0.852859 0.965134866 0.201756528 0.0928413074 0.393435041 -323 251 -1
0 2.84452 1.59706 6.00572 0.903859 1.46948428 0.216759616 -0.714218732 0.886187942 -323 252 -1
0 7.71679 9.65109 9.8463 0.863125 0.979588895 -0.295371712 0.33212217 -0.130615272 -323 253 -1
0 9.6534 1.52421 9.13415 0.896133 1.03326177 0.205131849 -0.0709312228 0.466332064 -323 254 -1
0 6.7463 8.32994 9.92841 1.54586 2.01270212 -0.175320259 0.481247148 1.18277457 -1114 255 1
0 0.0961239 9.05547 0.239428 1.13035 1.44937945 0.338128358 0.472212742 -0.696922044 -2114 256 0
0 5.86519 4.80123 3.17429 0.938 1.11417989 0.563357679 -0.208805164 -0.0241114583 -2212 257 -1
0 4.86117 7.86609 7.84452 0.938 1.08952538 0.0916157149 -0.529986024 0.133951212 -2212 258 -1
0 1.54979 0.660105 5.70146 0.938 1.35679189 0.562007755 -0.803051287 0.0172091998 -2212 259 -1
0 7.90963 5.05216 2.50756 1.116 1.27004207 -0.192452422 -0.54792217 0.174052364 -3122 260 0
0 0.479587 5.04089 2.08449 1.189 1.40888068 0.0946863017 0.395640982 -0.636966629 -3212 261 0
0 9.34356 2.01889 1.09699 1.39459 1.5585877 0.533234993 0.407373986 -0.184482221 -3224 262 -1
0 7.11484 9.71561 0.38313 1.80356 2.08618275 0.464143936 0.560838551 -0.754550834 -3226 263 -1
0 7.09447 2.89753 6.23868 1.318 1.54616319 -0.549280158 0.174671931 -0.56681358 -3322 264 0
0 3.22706 2.96444 0.0834086 1.23704 1.63398537 0.0881031026 0.0184533142 1.06374206 -10213 265 -1
0 1.34071 4.93623 3.41744 1.35559 1.62528759 -0.776905426 -0.085854117 -0.43930522 -10313 266 0
0 0.551803 6.01866 0.117286 1.30666 1.37839672 0.196457671 -0.0902517327 -0.381933802 -10313 267 0
0 6.11118 1.61062 6.15426 1.28142 1.49880894 -0.552696063 0.524980763 0.152726426 -10323 268 -1
0 9.62054 1.8342 8.86744 1.2693 1.52409815 -0.596409472 -0.536030701 -0.262152534 -10323 269 -1
0 7.27965 1.89692 4.21222 1.05827 1.10626133 0.0226902159 0.017375413 0.321038993 -20213 270 -1
0 3.25759 0.863782 0.654846 0.996299 1.35086225 -0.27487698 0.869799138 -0.010452355 -20213 271 -1
0 4.34524 0.39363 5.99871 1.26604 1.47579502 0.0423671045 -0.255570898 -0.71274919 -100211 272 -1
0 1.99657 1.37062 9.56758 1.25225 1.38050477 0.128754885 0.517011676 -0.231912122 -100323 273 -1
0 2.90791 7.27134 2.59573 0.906145 0.976649342 0.292368713 0.166570544 -0.139713813 -9000213 274 -1
0 4.61095 3.91942 7.70312 1.69952 1.8754268 -0.151215551 -0.159982986 0.761846378 -9922114 275 0
# event 2 end 0 impact   0.000 scattering_projectile_target no
# event 3 out 276
0 8.06985 5.37754 2.14854 0.138 0.211403898 0.11683188 -0.109188992 -0.00869964277 111 0 0
0 5.31694 3.53395 0.461784 0.138 0.689495785 0.484909096 -0.470233708 0.010191478 111 1 0
0 7.78728 8.36515 5.84018 0.138 1.01463171 -0.948032443 -0.0661413532 0.327556575 111 2 0
0 5.08097 4.74872 0.381211 0.138 0.80264946 -0.528505127 0.574824912 0.124341492 111 3 0
0 5.21449 4.63493 8.09341 0.138 0.349527031 0.119761686 -0.258007647 -0.149044752 111 4 0
0 3.52033 6.09403 6.86746 0.138 0.47636039 -0.304571418 -0.319655923 -0.11371703 111 5 0
0 1.23015 7.50359 0.979894 0.138 0.437710024 0.312001232 0.067951599 0.265676264 111 6 0
0 6.67679 0.769059 9.94468 0.138 0.208421944 0.151004462 0.022589688 -0.0329099508 111 7 0
0 8.93857 5.27203 4.7137 0.138 0.726487357 0.394586688 0.190280228 0.562880681 111 8 0
0 0.311305 1.33804 3.96864 0.138 0.806102652 -0.406630872 0.0898311219 -0.676268578 111 9 0
0 2.33251 3.78422 5.54743 0.138 0.260238032 -0.133229659 -0.156858527 -0.079530459 111 10 0
0 7.49314 1.95504 3.35189 0.138 0.571723879 0.0683561863 0.0399872008 0.549138097 111 11 0
0 1.47855 4.55156 5.6705 0.138 0.221370354 0.130287323 -0.107637986 -0.0374180605 111 12 0
0 2.10496 1.75352 5.2287 0.138 0.660018525 -0.302018387 0.36458703 0.438681712 111 13 0
0 9.18504 4.92866 9.32409 0.138 0.508171501 0.0235122581 -0.239524489 0.425757522 111 14 0
0 6.54505 2.21489 6.34782 0.138 0.168533358 -0.0810685567 0.0526278585 0.00420600597 111 15 0
0 6.86367 4.67026 7.48284 0.138 0.664455878 0.589257097 0.243411695 -0.126429563 111 16 0
0 8.27715 1.88766 0.327264 0.138 0.25696694 0.123422531 0.118198031 -0.133357088 111 17 0
0 4.98145 4.13756 6.37978 0.138 0.342726116 0.137274811 0.0889921456 -0.267681182 111 18 0
0 8.30862 8.66521 0.833837 0.138 0.580367824 0.253556797 -0.351818163 -0.360160717 111 19 0
0 9.56137 8.8713 3.0585 0.138 0.7052192 -0.113130968 -0.590871289 0.341119664 111 20 0
0 4.99258 1.96074 5.97248 0.138 0.347733899 -0.0349684273 0.257790261 0.184922294 111 21 0
0 9.64516 8.87293 7.61608 0.138 0.69198366 -0.563748451 0.125455464 0.355311126 111 22 0
0 8.02719 5.06191 5.56939 0.138 0.615549226 0.166710997 0.230848524 0.527989822 111 23 0
0 3.02417 9.74568 9.42112 0.138 0.263894823 0.0756466648 0.063813314 -0.201994853 111 24 0
0 6.53419 9.6841 0.718568 0.138 0.253573929 0.163726579 0.130056952 -0.0391731309 111 25 0
0 2.89989 6.63829 6.08816 0.138 0.345410661 0.00833907248 0.235297376 0.211731267 111 26 0
0 6.92148 9.7061 0.469215 0.138 0.383991779 0.093884302 -0.237440729 0.251422601 111 27 0
0 6.22428 6.12654 6.46651 0.138 0.19612974 0.139230029 0.00496903048 0.0036308063 111 28 0
0 3.96972 9.93766 6.00782 0.138 0.402671964 0.344089436 0.133837629 0.082405456 111 29 0
0 6.08446 9.09472 5.50596 0.138 0.669723725 0.0788556567 0.549449893 -0.348385517 111 30 0
0 8.60541 2.6722 8.80084 0.138 0.743347357 -0.133718501 -0.709079413 -0.11334479 111 31 0
0 0.263881 2.90054 9.58384 0.138 0.745161709 0.404362499 -0.610226069 -0.0183599196 111 32 0
0 2.73705 2.10413 1.92672 0.138 0.966268101 -0.456407937 0.758393196 0.362162392 111 33 0
0 5.48762 6.00012 6.06356 0.138 0.216822765 0.159958285 -0.0133425998 0.046940745 111 34 0
0 9.19902 6.56611 0.546021 0.831644 0.955120958 0.391615813 0.24285579 -0.0910117962 113 35 0
0 4.98426 8.83401 6.09961 0.787257 0.900699986 0.0551758296 0.0790223158 0.42684616 113 36 0
0 8.39646 4.43752 9.45267 0.558431 0.579966281 0.00229947898 0.0875470952 0.129791713 113 37 0
0 1.40728 7.64553 3.21463 0.926417 1.21042314 0.239568319 -0.229322537 0.704906536 113 38 0
0 0.658855 5.10419 4.29124 0.664123 1.15372836 -0.937164098 -0.0350784337 0.102582394 113 39 0
0 9.38094 0.345856 5.11254 0.574603 0.772936907 -0.363174944 -0.360968241 0.0711952587 113 40 0
0 6.92764 5.76227 1.88681 0.705505 0.792031328 -0.280860705 0.193619953 -0.114909852 113 41 0
0 2.92565 0.055073 1.59292 0.138 0.834139776 -0.7274001 -0.36170849 0.129619555 211 42 1
0 6.25111 2.40444 1.02409 0.138 0.937653586 -0.573559436 0.348544035 0.64007568 211 43 1
0 2.66184 8.89001 5.02145 0.138 0.439203586 -0.297060263 -0.24406246 -0.161383104 211 44 1
0 7.09938 5.99348 2.56529 0.138 1.06243403 0.881059274 0.221792612 -0.533164753 211 45 1
0 4.36839 7.77757 4.24349 0.138 0.384056262 -0.338006474 -0.0313005806 -0.115009173 211 46 1
0 7.89042 9.95583 5.93987 0.138 0.394834226 0.301431709 -0.110090841 -0.184035317 211 47 1
0 6.76793 4.96273 0.499247 0.138 0.894287933 -0.598946078 0.644330161 -0.0825175536 211 48 1
0 0.257341 6.51657 1.81717 0.138 0.301654042 -0.216860984 0.156855263 -0.0178578186 211 49 1
0 0.915444 3.46108 7.66216 0.138 0.360750664 0.216769227 0.131926966 0.216109739 211 50 1
0 9.88968 8.08977 9.39318 0.138 0.438724476 0.0402378761 -0.233383731 -0.342561109 211 51 1
0 0.172161 1.51523 4.25597 0.138 0.314979371 -0.106781503 -0.126385768 0.229765864 211 52 1
0 9.41414 4.12346 1.21657 0.138 1.03969606 -0.510649175 -0.888891408 -0.105039909 211 53 1
0 1.93584 7.38946 0.404913 0.138 0.334043979 -0.0531611297 -0.231729513 0.189780682 211 54 1
0 1.46661 8.17413 8.25525 0.138 0.179344185 -0.0561967405 -0.0934276009 -0.0351218783 211 55 1
0 9.71015 0.991395 9.79182 0.138 0.38233658 0.246386161 0.177171718 -0.187193222 211 56 1
0 6.36983 5.3721 1.80309 0.138 0.821994778 0.121978291 -0.525837867 -0.604356888 211 57 1
0 9.45069 7.99605 4.87154 0.138 0.390957162 0.00904794553 -0.26589582 -0.251039938 211 58 1
0 1.01235 9.96555 1.87334 0.138 0.530236031 0.485961017 0.124811712 0.101834059 211 59 1
0 4.50656 4.63241 7.25163 0.138 0.494690167 -0.244931289 -0.407036585 0.00205994709 211 60 1
0 7.1973 1.32216 9.63425 0.138 0.481852821 0.0715228507 0.341864816 0.301912357 211 61 1
0 5.91357 5.38445 5.78011 0.138 0.519487912 -0.492642052 -0.0030294079 0.090101729 211 62 1
0 7.48291 4.16814 4.11052 0.138 0.252890576 -0.0833554308 -0.193120127 0.0258095381 211 63 1
0 5.92006 9.85068 9.15312 0.138 0.532911759 -0.258985028 -0.373492072 -0.241622372 211 64 1
0 8.49837 0.656676 6.81576 0.138 0.256814832 0.0225023289 -0.0139848418 -0.214960292 211 65 1
0 2.20653 0.683831 0.413163 0.138 0.369771785 0.0360764604 0.294764782 -0.17175385 211 66 1
0 9.9367 9.49995 3.54547 0.138 0.33347313 -0.115673587 0.278676489 0.0334569039 211 67 1
0 0.305209 6.54078 3.55413 0.138 0.21000896 0.00212009063 -0.10255566 -0.120571991 211 68 1
0 9.02903 9.28146 0.77846 0.138 0.379951516 -0.198389758 0.215129142 -0.199198673 211 69 1
0 7.07699 8.87268 1.24296 0.138 1.44015457 0.285182609 1.22771852 -0.682919699 211 70 1
0 1.82173 4.40679 9.93021 0.138 0.853330901 0.254963373 0.256453588 -0.760496458 211 71 1
0 3.79951 1.4684 4.49097 0.138 0.183384055 0.0476624014 0.107571114 -0.0272481663 211 72 1
0 0.112561 7.23481 2.20055 0.138 0.590791727 -0.365793232 -0.44087922 -0.0425639367 211 73 1
0 3.47791 8.94013 3.24345 0.138 0.621865978 0.320650933 -0.454875329 0.240717074 211 74 1
0 5.36271 4.3025 6.5206 0.138 0.569342014 0.0348408186 -0.304919494 0.459256516 211 75 1
0 5.72959 4.62523 9.85293 0.138 0.368721516 0.188383599 0.183288409 0.21869736 211 76 1
0 6.59349 5.7182 9.36839 0.138 0.241775314 -0.0887116691 0.136596616 -0.113502892 211 77 1
0 3.10383 0.124539 6.25494 0.727323 0.861493226 0.327293448 -0.164597679 0.280995566 213 78 1
0 6.57991 5.66488 2.26393 0.695913 0.802227393 0.169488543 -0.0294312165 -0.360112 213 79 1
0 8.89504 1.66842 7.25984 1.50065 1.52184279 -0.208210098 0.0040310394 -0.143829638 217 80 1
0 4.15938 8.48828 7.19162 0.548 0.64942557 0.21544955 0.269999504 0.0461663352 221 81 0
0 9.90645 7.30492 9.29138 0.548 0.983091596 0.447766991 -0.662340258 -0.164241256 221 82 0
0 7.01529 8.99031 7.97891 0.548 0.736402573 -0.416563764 -0.228327232 0.127773452 221 83 0
0 8.08366 0.793655 9.71284 0.792083 1.18500674 0.596596206 -0.47306078 -0.443995596 223 84 0
0 6.7708 4.34156 8.07668 0.785824 1.10951405 0.0535195808 0.133519206 0.769941974 223 85 0
0 8.11221 6.60825 6.04379 0.782468 0.979462991 -0.242258369 0.532153288 0.0722188649 223 86 0
0 4.44073 5.94448 9.46084 0.778706 0.920426228 -0.324432537 -0.361867971 0.0678011476 223 87 0
0 7.53903 0.254763 3.16036 0.783615 1.2600106 -0.639789983 0.324493938 0.677456617 223 88 0
0 5.89592 7.46896 5.06514 0.783946 1.02417547 -0.168257299 0.557850046 0.307989502 223 89 0
0 3.39042 0.307144 0.648467 0.750702 0.844668265 -0.0943185528 0.318421727 -0.199053513 223 90 0
0 8.79405 0.722119 7.28474 0.873148 1.00589166 0.354098226 0.198516033 -0.290922138 225 91 0
0 7.06927 2.21791 5.42858 1.27583 1.93346981 -0.592631463 -1.32417568 -0.0768526091 225 92 0
0 4.42317 8.99192 6.49728 0.494 1.30750669 -0.102700842 1.0648698 -0.566606201 311 93 0
0 0.151813 7.34312 9.37162 0.494 0.539213876 -0.190607007 -0.101651923 0.00717353055 311 94 0
0 6.6701 2.4207 2.92993 0.494 0.866497739 0.0895982745 -0.525917011 -0.471344649 311 95 0
0 7.66579 0.434048 1.71928 0.494 0.69208324 -0.365532752 -0.159429622 0.275519897 311 96 0
0 6.87902 2.7034 3.98428 0.494 0.595953414 0.0393596705 0.325826861 -0.0584135686 311 97 0
0 9.8899 4.88227 3.18825 0.494 0.586014079 -0.2911797 0.112810847 -0.0431809714 311 98 0
0 7.47246 2.75825 2.48946 0.494 0.614116274 -0.161508557 -0.246354221 0.215237964 311 99 0
0 7.53772 9.3691 8.11479 0.494 0.777503464 -0.126143557 -0.581309795 -0.0815006784 311 100 0
0 1.28354 1.00502 8.74812 0.494 1.10135138 -0.0554739888 -0.405888312 0.89505093 311 101 0
0 7.98685 3.83682 1.81617 0.494 0.588323884 -0.103737268 -0.0604205482 0.296102902 311 102 0
0 8.03331 8.00627 5.4743 0.919592 1.10963124 -0.606700394 0.114401025 0.066769684 313 103 0
0 2.24997 7.16319 3.59349 0.888046 1.30710155 0.611859512 -0.130535731 -0.726964353 313 104 0
0 0.950935 6.73754 3.66745 0.494 1.30094221 0.690285949 0.969848627 0.176956443 321 105 1
0 7.69787 1.41094 7.16247 0.494 0.823268877 0.137243307 0.198016641 -0.612935011 321 106 1
0 5.45338 0.187284 3.02041 0.494 0.736364021 -0.325331947 0.3634279 -0.245510198 321 107 1
0 5.53188 7.8412 2.90467 0.494 0.890349407 -0.231082355 0.69594556 0.104626905 321 108 1
0 0.182668 8.69643 1.25464 0.494 1.0066504 -0.720606229 0.000970656251 -0.500034757 321 109 1
0 1.664 1.43125 4.56901 0.494 0.817794861 -0.0331382533 0.173994444 0.627200306 321 110 1
0 6.78356 6.58389 2.40727 0.494 1.02825612 0.858203326 -0.276145401 -0.0224813874 321 111 1
0 4.59654 7.50008 3.9216 0.494 0.864670949 0.592117179 0.22748249 -0.318227612 321 112 1
0 2.7765 0.270783 9.28774 0.494 0.731534686 0.0388066225 0.532491373 -0.0778073307 321 113 1
0 4.69741 6.99463 3.82928 1.15424 1.77227971 0.737461129 0.725562636 -0.859310285 323 114 1
0 6.09553 2.29515 3.57889 0.889886 0.916231482 -0.0205856148 -0.171271877 -0.133509833 323 115 1
0 1.25708 7.50423 0.481929 1.5076 1.70375999 -0.627989385 0.426153393 0.232283884 325 116 1
0 3.27848 6.23266 0.16985 0.958321 1.06442494 -0.332379555 0.1545294 0.283312896 331 117 0
0 3.28568 7.94904 5.74975 0.957787 1.3563185 -0.689181647 -0.378973177 -0.551046331 331 118 0
0 9.61631 2.82484 9.99882 0.957898 1.63285971 -0.401515879 0.533561071 1.14138516 331 119 0
0 8.51973 3.63381 5.45086 1.01888 1.29086331 0.724826308 0.320482219 0.0109785043 333 120 0
0 9.05869 6.78837 0.995628 1.02072 1.04237279 0.144988688 0.127002582 0.0866946308 333 121 0
0 2.94697 9.70566 3.06041 0.938 1.1911194 0.441958188 0.237321062 0.535978638 2112 122 0
0 7.34422 5.29738 5.03674 0.938 1.34694632 0.657310534 0.0162658861 -0.708589205 2112 123 0
0 5.32179 8.399 9.39715 1.32828 1.72317229 -0.951198359 -0.227725675 0.498355653 2114 124 0
0 7.95995 1.36731 9.50957 0.938 1.76278275 -0.719709723 0.41984847 1.23826661 2212 125 1
0 1.29187 5.29978 5.67133 0.938 1.20602735 0.519217956 -0.0580473539 0.549273323 2212 126 1
0 9.39391 7.79759 0.913677 0.938 0.959942304 0.0205338552 -0.163095506 0.120927434 2212 127 1
0 5.05828 3.44183 5.44061 0.938 1.21012688 0.0846500817 -0.342213911 -0.678444603 2212 128 1
0 0.992623 3.08067 3.61369 0.938 1.47684806 0.175898606 -0.807447345 -0.786336229 2212 129 1
0 6.46844 4.65401 5.63396 0.938 1.14057256 -0.0437037607 0.443173508 -0.471962915 2212 130 1
0 3.54187 5.50191 5.52174 1.24842 1.32223278 0.20116014 -0.0186905224 0.385903255 2214 131 1
0 9.18452 4.77137 8.56739 1.23134 1.47592574 -0.581183854 -0.427139079 -0.376744811 2214 132 1
0 1.3289 7.39703 1.46376 1.25186 1.54454796 0.373473747 0.80644546 0.169237619 2224 133 2
0 6.1597 8.48868 3.22028 1.81844 2.06650285 -0.785969737 0.0703109904 -0.583975322 2228 134 2
0 6.66614 6.1155 3.90616 1.189 1.4322187 -0.0242432719 -0.446235966 -0.661676003 3112 135 -1
0 1.20758 2.08883 9.20611 1.16484 1.19026777 0.0744734826 0.0457861587 -0.228574714 10113 136 0
0 0.755339 5.96437 6.94166 1.22309 1.30037364 0.139939331 -0.38812343 -0.157463114 10223 137 0
0 9.30821 4.91954 7.82733 1.30928 1.4869379 -0.209916138 -0.585347619 -0.331766481 10321 138 1
0 6.24548 9.63044 6.13253 1.30293 2.04839772 -0.7115802 -1.00626465 0.989643263 10323 139 1
0 8.78427 9.90248 2.02175 1.66718 1.7360563 -0.0668587589 -0.169107611 -0.448700541 13112 140 -1
0 0.878645 7.31906 7.06994 1.40555 1.86397463 -0.149835583 0.176912355 1.20212121 13122 141 0
0 5.97973 9.11009 3.44882 1.21957 1.35471321 -0.168404313 -0.234371087 -0.514404525 20113 142 0
0 7.00465 6.14558 6.53576 0.96921 0.994342287 0.118848088 -0.0329237563 0.184770238 20113 143 0
0 4.64002 8.66558 6.8035 1.23124 1.49798674 -0.492643993 -0.642307636 0.269750538 20113 144 0
0 6.31346 6.61885 1.35769 0.876316 1.29448878 0.60649138 0.734064777 0.0329963766 20213 145 1
0 2.62007 6.12259 3.59633 1.01299 1.24726362 0.546308034 -0.480644172 -0.00731640805 30223 146 0
0 1.31059 7.60339 7.24944 1.73723 2.18329124 1.22996246 -0.308405522 -0.3753104 30223 147 0
0 0.148183 9.60027 5.8632 1.31365 1.67707149 0.195351081 -0.206127257 -1.00311843 100113 148 0
0 8.92985 7.35068 4.25851 1.53589 2.16772247 -0.416503891 0.284285103 -1.44422387 100331 149 0
0 7.70194 0.207846 5.31254 1.02495 1.0819099 -0.0230751872 0.261236539 -0.226317399 9000111 150 0
0 6.02866 1.31348 4.76764 0.956119 1.09170386 0.154092219 -0.464245197 -0.195921075 9000111 151 0
0 8.44828 2.77096 6.11892 1.07553 1.14601577 0.287986039 -0.227189407 -0.148426501 9000111 152 0
0 2.42976 5.41714 3.65984 0.981515 1.36904525 0.671059527 0.465401606 0.493956927 9000111 153 0
0 9.12681 0.921721 8.08039 0.88766 1.081222 -0.501348722 -0.344776276 0.104308082 9000211 154 1
0 1.01207 3.19899 3.84094 0.560794 0.839072 -0.305273581 0.297532745 -0.455888184 9000221 155 0
0 1.22279 7.01631 7.37898 0.994392 1.1707888 0.277838302 0.178664494 0.522318628 9010221 156 0
0 1.51101 6.77737 0.670101 0.982234 1.14631289 0.0350644566 0.128787184 -0.575702922 9010221 157 0
0 6.028 5.49547 8.25089 1.52274 1.61381014 0.176103113 0.491165502 -0.115661139 9030221 158 0
0 2.90218 5.65326 4.20218 0.138 0.919267397 0.54583418 0.0968783944 0.720200091 -211 159 -1
0 5.4668 4.51736 9.62366 0.138 0.227571582 0.150945836 0.0222934303 0.0972788906 -211 160 -1
0 2.17977 9.08 2.00978 0.138 0.25870153 -0.0193908333 0.0602172416 -0.209476397 -211 161 -1
0 4.7809 7.42699 2.29596 0.138 0.505515007 -0.135321741 -0.451755007 -0.118772314 -211 162 -1
0 7.35355 5.2634 4.98872 0.138 0.659736688 0.437164274 -0.404473154 -0.247986618 -211 163 -1
0 2.98623 7.46822 8.70004 0.138 0.414503531 0.00471827728 -0.294793097 -0.25660075 -211 164 -1
0 4.13055 3.84176 6.01646 0.138 0.362041855 0.127592299 0.186885512 0.246625861 -211 165 -1
0 5.04668 9.9876 2.72253 0.138 0.673628602 0.555684579 -0.245996212 0.255796804 -211 166 -1
0 7.75734 5.25956 2.57948 0.138 0.787864802 0.350463187 -0.673011952 -0.16098886 -211 167 -1
0 4.84147 4.36803 5.73805 0.138 0.464764886 0.311625609 -0.289165224 -0.127418021 -211 168 -1
0 4.18829 5.41448 4.63972 0.138 0.362170581 0.0231924787 0.0462527328 -0.330826727 -211 169 -1
0 2.83409 6.45426 2.56158 0.138 0.342746858 -0.172736793 -0.257323845 -0.048763181 -211 170 -1
0 2.40882 3.41319 8.72137 0.138 0.826884258 -0.530897455 0.435492362 0.439531423 -211 171 -1
0 4.02504 6.53935 4.32541 0.138 0.423677296 0.051127979 -0.0552459741 -0.393436479 -211 172 -1
0 2.34739 9.35782 5.66416 0.138 0.837738901 0.627936767 -0.266441176 -0.466333554 -211 173 -1
0 9.44321 2.02498 3.25816 0.138 0.22784374 -0.106720153 -0.0400884383 -0.140969841 -211 174 -1
0 9.48115 1.8167 6.21291 0.138 0.698704571 0.233339828 0.539345215 -0.351856991 -211 175 -1
0 6.75429 3.94345 1.35385 0.138 0.562151378 0.38316007 0.222133788 0.317513957 -211 176 -1
0 3.45582 5.41321 4.50171 0.138 0.546991127 -0.247999941 -0.115579401 -0.453092402 -211 177 -1
0 4.36721 9.02263 3.66141 0.138 0.499974067 0.308917095 0.368009147 0.00834050162 -211 178 -1
0 0.0469361 3.1613 5.1426 0.138 0.482274371 0.0369595019 0.168193884 -0.428823252 -211 179 -1
0 4.21586 8.08691 1.6932 0.138 0.419775338 -0.0960547849 0.105139441 -0.369981771 -211 180 -1
0 7.96507 8.65516 7.83247 0.138 0.354971904 0.156470536 0.273946497 -0.0862052238 -211 181 -1
0 4.56414 1.46223 5.26446 0.138 0.472806791 0.142207359 0.40597253 -0.139519295 -211 182 -1
0 4.26139 9.09721 5.86352 0.138 0.920894344 -0.137795329 0.434376254 0.788246224 -211 183 -1
0 1.38289 0.330131 3.90205 0.138 0.755235718 -0.511168116 0.0743640529 -0.533398664 -211 184 -1
0 3.35252 4.85738 6.52963 0.138 0.333674079 0.0055856408 -0.287830553 0.0970400144 -211 185 -1
0 5.637 3.8587 5.78483 0.138 0.706982973 0.437996732 -0.14547696 -0.517471005 -211 186 -1
0 3.75318 3.04738 2.05668 0.138 0.9552565 0.521351641 0.73368086 -0.288748752 -211 187 -1
0 9.58763 7.57116 7.09772 0.138 0.421657284 -0.0230891083 -0.385672025 0.097338829 -211 188 -1
0 1.29901 4.55107 5.47892 0.138 0.603428933 0.405409397 -0.300720919 0.300487315 -211 189 -1
0 8.26461 1.52232 4.34931 0.138 0.460989204 0.0385569974 0.424766049 -0.107490501 -211 190 -1
0 7.33535 6.45439 9.13657 0.138 0.680371344 0.453646034 0.208703802 -0.441031931 -211 191 -1
0 9.38841 8.27409 3.94049 0.138 0.57646279 -0.0437708301 -0.512750956 -0.220081619 -211 192 -1
0 5.64863 3.18799 2.56403 0.138 0.367652972 -0.0511297413 0.329871071 -0.0685239653 -211 193 -1
0 0.604096 8.11868 6.5674 0.138 0.531433615 -0.278149814 0.431275135 -0.00348217494 -211 194 -1
0 5.78417 9.28207 6.61583 0.138 0.420132431 0.0635676998 0.388677563 -0.0485402841 -211 195 -1
0 2.52807 9.35761 5.49119 0.138 0.375537315 -0.261334473 -0.199419451 -0.117984961 -211 196 -1
0 3.04184 7.21831 6.71093 0.138 0.679095943 0.150250462 0.227627674 0.606413836 -211 197 -1
0 2.22537 3.26741 2.31091 0.138 0.539418098 0.389040264 0.0341865179 -0.345552946 -211 198 -1
0 7.74368 4.96029 2.65093 0.138 0.437211385 -0.402682097 0.0889352176 -0.0452487673 -211 199 -1
0 1.70414 9.98601 6.84449 0.138 0.539888082 -0.468715443 -0.0696180949 0.218847653 -211 200 -1
0 6.4371 3.38214 9.79241 0.138 0.311279624 -0.218999612 -0.0629654089 -0.161014073 -211 201 -1
0 3.13015 1.56741 1.99127 0.138 0.779980368 0.31192736 -0.592439897 0.375555142 -211 202 -1
0 5.23922 0.362268 2.06511 0.859033 1.00383486 0.221519728 -0.160212935 -0.441596735 -213 203 -1
0 7.59989 7.02547 0.700097 0.774045 1.19219301 -0.580247584 0.639774961 -0.276005701 -213 204 -1
0 0.226679 4.24036 3.29699 0.687947 0.755455997 -0.0566860348 0.197573582 -0.234934576 -213 205 -1
0 9.69913 6.45472 7.24179 0.87241 1.27681224 -0.177836688 0.496169967 -0.768986241 -213 206 -1
0 6.80023 1.85158 7.47365 0.552544 0.614252047 0.127495371 0.012253008 0.235786963 -213 207 -1
0 5.05714 0.317611 1.15977 0.693575 1.02959542 0.00200546209 0.185932891 0.7378657 -213 208 -1
0 5.67282 2.55534 0.355815 0.731606 1.11555795 -0.0691441123 0.524112414 0.655551253 -213 209 -1
0 5.63741 5.845 1.9982 1.33038 1.71258428 -0.214446877 0.825129998 0.660465894 -215 210 -1
0 6.00196 5.15258 5.76233 0.494 0.660373718 0.125141921 0.156016468 0.38994334 -311 211 0
0 9.73541 0.637985 3.79011 0.494 0.985579309 0.786490413 0.0675041127 0.32281047 -311 212 0
0 8.52388 5.62996 2.14676 0.494 0.63790436 0.171736931 0.356867111 0.0777062661 -311 213 0
0 5.19038 6.28689 4.65104 0.494 0.873610986 -0.456701105 -0.465815929 0.305940806 -311 214 0
0 6.46933 0.833045 1.37653 0.494 1.06496864 -0.0811987172 0.785759266 0.515859823 -311 215 0
0 6.23674 5.67584 2.08041 0.494 0.896247277 0.474539808 -0.116903644 0.56601121 -311 216 0
0 3.38701 8.14975 0.887754 0.494 0.597122538 -0.10036077 0.307095212 -0.0902195774 -311 217 0
0 9.68 3.80544 2.90096 0.494 0.533302863 -0.0928656852 -0.0042866361 0.178139084 -311 218 0
0 3.43195 2.95208 0.189178 0.494 0.789098274 -0.387005118 -0.152962703 0.453287475 -311 219 0
0 1.27694 3.1276 9.3687 0.494 0.73187575 -0.396703982 -0.270768121 0.246813063 -311 220 0
0 7.09591 9.89309 9.90505 0.494 0.649149017 -0.17414597 -0.304842749 -0.232599496 -311 221 0
0 7.21504 3.58676 8.28247 0.494 0.686708064 -0.296489544 -0.0948975281 0.36141441 -311 222 0
0 1.26428 2.1776 4.35852 1.02113 1.22897337 -0.0454814852 0.456483814 -0.507180499 -313 223 0
0 4.06951 2.38689 6.34159 0.894638 0.97983655 -0.366228955 -0.158075719 0.0243025017 -313 224 0
0 1.95352 3.21203 8.08773 0.883787 1.12337554 0.454392112 0.172296323 0.494707192 -313 225 0
0 7.87289 5.28683 3.60841 1.43296 1.51718008 0.0676180377 0.226000822 -0.43910083 -315 226 0
0 1.45078 9.84498 2.98291 0.494 0.719345593 -0.315890097 -0.213185188 -0.358032966 -321 227 -1
0 3.65372 2.5142 5.8776 0.494 0.872770727 0.485389045 0.0778093399 -0.525391211 -321 228 -1
0 8.04632 1.84602 9.89132 0.494 0.884141621 0.585271032 0.436215672 -0.0695996596 -321 229 -1
0 6.85253 4.83528 5.06268 0.494 1.05523564 0.577485519 0.629124113 0.374432335 -321 230 -1
0 0.565512 6.37271 2.32656 0.494 0.668684333 -0.263320594 -0.0820634079 0.356413522 -321 231 -1
0 9.05158 5.88426 9.59781 0.494 0.896278078 -0.405472896 -0.222172149 0.587800697 -321 232 -1
0 8.16018 4.81727 5.23992 0.494 0.631280317 0.359215745 -0.0601172571 -0.147745738 -321 233 -1
0 5.05076 7.95539 3.95766 0.494 0.708109403 -0.0846141387 0.05472174 0.497221183 -321 234 -1
0 4.97718 6.42504 3.26528 0.494 0.709400195 -0.06398487 -0.1669978 0.476686802 -321 235 -1
0 3.80756 0.316956 5.80565 0.877648 0.96616819 -0.373624086 0.150234088 0.0324060972 -323 236 -1
0 1.26451 2.57619 7.03923 1.46151 1.48301398 -0.0743334677 -0.170744282 -0.169268968 -325 237 -1
0 3.98646 9.87344 7.33334 2.00847 2.47544543 0.587345105 -0.78978776 1.06073363 -1116 238 1
0 0.14579 7.06317 4.92007 1.16198 1.42114501 0.58124514 -0.443957046 -0.366759798 -2214 239 -1
0 2.26166 0.744598 4.43386 1.20478 1.468918 0.572511924 -0.430232253 0.439734411 -2224 240 -2
0 7.05092 4.56912 4.93022 1.38115 1.46887542 0.311103929 -0.138291698 0.366220953 -3114 241 1
0 1.47676 0.402863 4.04647 1.116 1.25397947 -0.383268378 0.422641697 -0.0385728161 -3122 242 0
0 4.61456 8.8497 9.36226 1.189 1.81184615 0.771309876 -0.959852996 -0.59399393 -3212 243 0
0 7.98532 8.25839 8.3804 1.318 1.88884798 -0.525475343 0.0470703786 1.2459064 -3322 244 0
0 8.0411 9.87937 0.822183 1.49008 1.89429668 -0.354478106 -0.443195147 -1.02271028 -10213 245 -1
0 1.71335 4.0436 3.36124 1.42068 1.97022317 -0.555553075 -0.351032008 -1.19649049 -10311 246 0
0 6.79583 8.88447 2.72108 1.18437 1.6735984 -0.86672368 -0.7755959 -0.213157442 -20213 247 -1
0 5.69184 5.00077 8.6806 1.00727 1.21905652 0.676883065 0.11226968 0.0268980993 -20213 248 -1
0 5.16217 8.92138 2.77634 1.2503 1.26765604 0.168021542 -0.124005821 -0.00916408355 -20213 249 -1
0 9.83822 0.208928 5.78267 1.29454 1.37330957 -0.240028475 0.0516115305 -0.387140607 -20313 250 0
0 4.68188 7.86336 3.10397 1.3851 1.8536494 -0.88221059 0.414776269 0.753104158 -20323 251 -1
0 2.84391 6.10711 8.55604 1.42014 1.45811402 -0.237542766 -0.010092697 -0.229748268 -30323 252 -1
0 1.46561 4.11343 2.74995 1.72276 1.94285665 0.602182541 -0.516781271 0.420826367 -100323 253 -1
0 8.72927 8.70637 4.02584 1.72681 1.95844556 0.133334726 -0.858748509 0.313679765 -203312 254 1
0 9.03242 7.76918 2.58891 0.995247 1.2329346 -0.712936228 -0.099449993 -0.106974554 -9000211 255 -1
# event 3 end 0 impact   0.000 scattering_projectile_target no