#!OSCAR2013 particle_lists t x y z mass p0 px py pz pdg ID charge
# Units: fm fm fm fm GeV GeV GeV GeV GeV none none none
# event 1 out 26
5 1.47961 -1.2787 -1.49465 0.938 1.02986168 0.408881594 0.107677679 -0.0446367868 2112 0 0
5 -1.28036 1.72037 0.476224 0.938 1.22904718 0.48729849 -0.576277094 0.24730117 2112 1 0
5 1.05518 1.1393 -0.390821 0.938 1.38959116 -0.0814650317 -0.067150525 1.01979108 2112 2 0
5 -0.52177 -2.51771 -1.62832 0.938 0.988628415 -0.130323209 -0.258307183 -0.117623989 2112 26 0
5 1.31797 3.82839 -0.491447 0.938 1.27300277 0.596339565 0.420603636 -0.456249659 2112 4 0
5 0.43956 -0.019542 1.57648 0.938 1.21986505 -0.0124499964 -0.00392815747 0.779779649 2112 5 0
5 0.97503 1.40821 0.268097 0.938 1.25261908 0.442985956 -0.157866675 -0.684143351 2212 6 1
5 -0.795653 -2.7541 1.14995 0.938 1.20826065 0.0764544795 0.103309218 0.750687494 2212 7 1
5 -0.641821 -3.30033 0.0513811 0.938 1.2860182 0.0553863494 -0.0228434415 0.877729649 2212 8 1
5 1.17659 3.13506 -0.610061 0.938 1.13983993 -0.28196 0.169879056 0.557701296 2212 9 1
5 -1.72014 0.453756 -1.13178 0.938 1.15755582 0.206828809 0.118929561 -0.634955962 2212 10 1
5 0.756148 -0.427329 -2.05646 0.938 1.14561812 -0.085799772 -0.0118437667 0.651993094 2212 11 1
5 0.516373 -0.949229 0.5006 0.938 1.24444226 0.202505291 0.514267374 0.602754682 2112 12 0
5 0.146778 -1.86068 -1.59417 0.938 1.20779683 -0.0448132703 -0.195615104 -0.73393166 2112 25 0
5 -2.73735 -2.4825 0.0707198 0.938 1.12970657 0.0456987343 -0.0368158286 -0.62685657 2112 14 0
5 -1.48559 -1.30799 0.324198 0.938 1.26221249 0.0866882993 0.0955956006 -0.83467538 2112 15 0
5 0.37342 2.07375 0.520691 0.938 1.28946263 -0.23255315 0.334407121 0.785468507 2112 16 0
5 2.58119 1.20968 -0.921584 0.938 1.22176741 -0.00571948213 -0.130241373 -0.771930091 2112 17 0
5 -2.64112 -0.240191 1.91069 0.938 1.21546669 -0.0195249908 -0.068876238 0.769668835 2212 18 1
5 2.99259 0.950322 0.981114 0.938 1.24243657 -0.103539369 -0.0933839113 -0.802722666 2212 19 1
5 -0.96148 1.48135 0.447194 0.938 1.04306343 -0.376901082 0.0281890652 -0.255515687 2212 30 1
5 0.637583 -1.16592 0.82217 0.938 1.19144658 -0.059522985 -0.195290853 -0.705704936 2212 21 1
5 -1.89993 1.91771 1.7204 0.938 1.15430337 -0.629265864 0.0114317572 0.237625871 2112 29 0
5 1.55926 0.103756 -1.06588 0.938 1.10036086 -0.146263801 -0.149655463 -0.535873276 2212 23 1
5 -1.92134 -2.26889 -1.12867 0.138 0.380250275 -0.345997406 -0.0467484962 0.0603874561 111 27 0
5 -0.96148 1.48135 0.447194 0.138 0.229317536 -0.0529681583 0.110554043 -0.13606877 211 31 1
# event 1 end 0 impact   0.000
# event 2 out 28
5 1.31633 -0.429532 0.922746 0.938 1.06662835 0.46237229 -0.0615013357 -0.200702462 2112 36 0
5 1.51081 -1.00262 -0.254135 0.938 1.25135434 -0.00635818765 0.17735151 0.809042459 2112 1 0
5 0.883173 2.39461 0.525314 0.938 1.28611893 0.129277413 0.0423130915 0.869341626 2112 2 0
5 0.108397 0.400427 -0.305758 0.938 1.19880937 0.119850894 -0.079322646 0.732559615 2112 3 0
5 -0.756538 -0.51641 1.26623 0.938 1.22350448 0.448660006 0.23296643 0.601290322 2112 34 0
5 -2.17562 -1.56544 -0.992352 0.938 1.33241777 0.0238526677 -0.147596943 0.934419229 2112 5 0
5 -0.292501 -0.263439 0.181449 0.938 1.10150187 -0.166290383 0.0415889396 0.551434708 2212 6 1
5 -1.62175 -1.87104 -0.713319 0.938 1.26298165 -0.0559116398 0.0190896143 0.843675371 2212 7 1
5 1.36224 1.3004 -1.6617 0.938 1.48118718 0.172549077 0.190656222 -1.11711615 2212 38 1
5 -0.140539 -0.0145416 0.258603 0.938 1.08631518 0.00326649882 0.0628266367 0.544314999 2212 9 1
5 1.45835 0.0904009 0.626624 0.938 0.996983355 0.0639650859 -0.284161306 0.171150898 2212 25 1
5 0.158518 0.973019 -0.627064 0.938 1.15315298 -0.134191209 0.132150958 0.643775307 2212 11 1
5 0.3495 0.506626 2.14548 0.938 1.15380502 -0.614756074 -0.0176894718 0.270525535 2112 12 0
5 -0.579124 -4.09161 -0.880985 0.938 1.21173485 -0.0823875768 0.0111132438 -0.762591717 2112 13 0
5 -0.905217 -0.604129 0.596506 0.938 1.1185745 -0.0122999807 0.0336463457 -0.608343285 2212 31 1
5 0.294728 -0.0810485 1.98777 0.938 0.998948342 -0.0836255638 0.235537944 0.235759267 2212 29 1
5 2.70182 2.0029 -0.658031 0.938 0.968105368 0.128391434 0.19382594 -0.0577161056 2112 16 0
5 -3.66245 1.67453 -0.562548 0.938 1.2008263 -0.0548102435 0.0159532005 -0.747583538 2112 17 0
5 -1.86809 0.996362 -1.17968 0.938 1.15847295 0.071730921 0.149914563 -0.659238861 2212 18 1
5 1.57899 0.244294 1.2743 0.938 1.23908783 0.614426907 -0.303639448 -0.431018937 2212 19 1
5 -0.119539 -0.5205 1.10252 0.938 1.17656134 -0.44317904 0.0150489012 -0.554813883 2212 32 1
5 -0.851417 1.17222 -1.3744 0.938 1.38928803 0.00984166676 -0.139337126 -1.01526624 2212 21 1
5 -1.04634 -1.91625 -0.780073 0.938 1.07695378 -0.296038392 -0.19987483 -0.390380276 2212 22 1
5 2.75754 0.230169 -0.229829 0.938 1.12160745 -0.00801371731 -0.122623586 -0.602543365 2212 23 1
5 -0.0849674 -0.670383 1.3497 0.138 0.211265642 -0.0521255397 -0.116316277 0.0966572462 111 33 0
5 -0.773904 -0.519648 1.26267 0.138 0.211886022 -0.150174188 -0.0021488177 0.0574001924 -211 35 -1
5 1.31633 -0.429532 0.922746 0.138 0.339242807 0.0457974579 -0.064967149 -0.299538887 -211 37 -1
5 1.36224 1.3004 -1.6617 0.138 0.210908891 -0.133820583 -0.014804604 0.0855069315 111 39 0
# event 2 end 0 impact   0.000
# event 3 out 29
5 1.61368 3.20766 0.111528 0.938 1.14707983 -0.0220617221 0.0128223384 0.65977042 2112 0 0
5 0.560517 -0.322347 -0.381247 0.938 0.938973595 0.0106361743 -0.00839410798 -0.0405440817 2112 32 0
5 1.53753 0.704138 -0.744829 0.938 1.02518261 0.0605883313 0.192751331 -0.361014347 2212 26 1
5 -2.01749 1.68482 -0.423258 0.938 0.948816171 -0.137334005 0.00906102289 -0.0382804889 2212 43 1
5 -2.71174 -0.346695 0.907802 0.938 1.19250168 -0.287584288 0.0350297523 0.676967097 2112 41 0
5 0.519746 -2.1243 0.335072 0.938 1.19453708 0.0709171051 0.0699812119 0.732903976 2112 5 0
5 0.813928 0.258216 -1.47006 0.938 1.21573302 -0.0947362474 -0.0512708391 0.765871474 2212 6 1
5 -2.00231 0.248386 2.19367 0.938 1.24497091 -0.0856752099 0.37428957 0.722963101 2212 7 1
5 -1.93783 1.42143 -0.343862 0.938 0.988515788 -0.172321135 -0.249443708 0.0735032425 2112 37 0
5 -0.396158 0.820315 -0.164691 0.938 1.25198389 0.0579295773 -0.1422249 0.814883979 2212 9 1
5 0.759291 0.119011 -0.804582 0.938 1.10031731 0.198303016 0.346176773 -0.414357022 2212 31 1
5 3.20194 -3.8783 0.148702 0.938 1.23013701 -0.0554416133 0.0203242823 0.793666307 2212 11 1
5 -1.12664 0.353336 0.671544 0.938 1.28768118 0.425358722 -0.434263223 0.639346725 2112 12 0
5 0.998124 -1.42998 1.12181 0.938 1.12263353 -0.213091197 0.136641384 -0.562479608 2112 13 0
5 0.934361 -1.35826 0.370641 0.938 1.06560854 -0.0547378752 -0.104505405 -0.491690907 2112 14 0
5 -2.45673 -0.252694 -0.749312 0.938 1.16695126 0.0638848492 0.0244521488 -0.690834331 2212 29 1
5 -2.04478 1.77337 -0.548603 0.138 0.514911475 -0.0274676973 0.418875627 -0.264345534 -211 47 -1
5 0.574658 0.831974 0.301663 0.938 0.997910305 -0.157868074 0.297027332 -0.053229805 2212 39 1
5 1.71771 -1.27233 -2.12984 0.938 1.15566591 0.0205581288 0.0752374545 -0.670549319 2212 18 1
5 0.325321 -1.74212 1.11836 0.938 1.18430356 0.270965665 -0.448288159 0.498343515 2212 19 1
5 -1.33869 1.76638 0.620833 0.938 1.2908631 0.0188128009 -0.0617731435 -0.884484985 2212 20 1
5 1.97087 -0.518491 1.29186 0.938 1.02721311 0.125933811 -0.159656524 0.366023568 2112 25 0
5 2.12362 -2.37703 -1.54064 0.938 1.23835822 0.011563059 -0.0239119903 -0.808072772 2212 22 1
5 -1.14984 3.16175 0.238439 0.938 1.27864634 0.096391761 0.000828494045 -0.863597357 2212 23 1
5 -1.38268 1.40231 -0.748948 0.138 0.281377618 0.183381065 -0.0747320339 -0.144623206 111 38 0
5 0.580874 -1.04346 -0.0329316 0.138 0.300069017 0.0102410674 -0.245055827 0.104116174 111 33 0
5 0.459171 0.603991 -0.124647 0.138 0.512018923 -0.194748004 -0.0721467196 -0.447199557 -211 40 -1
5 -2.3896 -0.542869 0.85998 0.138 0.29181271 0.172802469 -0.139515448 0.129558497 -211 42 -1
5 -2.04478 1.77337 -0.548603 0.938 1.03272718 -0.295200535 0.201683306 -0.242614754 2212 46 1
# event 3 end 0 impact   0.000
# event 4 out 29
5 2.17052 -0.937583 0.69182 0.938 1.08578109 0.0939946138 -0.538044192 0.0273865872 2112 0 0
5 -0.213006 -2.77136 1.01313 0.938 0.963276624 0.156961221 -0.126833032 -0.0856411822 2212 55 1
5 0.0305457 -1.81266 0.292867 0.938 1.03830645 0.0900182043 0.416845542 0.127956236 2112 2 0
5 1.97753 -2.23469 -0.400859 0.938 1.25621042 0.612899065 -0.192629708 -0.534293126 2212 35 1
5 0.595358 -1.58143 -0.405788 0.938 1.29531762 -0.0060122081 -0.255803251 0.855881 2112 4 0
5 -3.22873 3.24105 -0.188828 0.938 1.16927913 0.0334841191 -0.0910327441 0.69134762 2112 5 0
5 -1.28336 -1.35822 -0.834052 0.138 0.339294614 0.205320818 0.0920927165 0.213164556 211 46 1
5 -1.89362 -1.59064 -1.08055 0.938 1.08188475 -0.470904324 -0.135039671 0.225042273 2212 45 1
5 -1.49209 2.15535 -0.313707 0.938 1.32872983 -0.104469529 -0.0471007862 -0.934102029 2212 8 1
5 0.95908 2.33097 -0.833702 0.938 1.0851452 0.149187229 0.342056505 0.398040978 2112 44 0
5 2.9566 3.22521 -0.0318179 0.938 1.22253221 0.0171930182 0.0173561654 0.783673502 2212 10 1
5 -2.46427 -0.465559 -2.86021 0.938 1.18472046 0.0179651183 -0.087481395 0.718152375 2212 11 1
5 -0.244734 1.69819 -0.379701 0.938 1.25746898 0.0215811541 0.105233724 -0.830568688 2112 12 0
5 -1.0096 -0.73954 2.15909 0.938 1.13377744 0.0870948068 -0.0140605076 -0.630732971 2112 13 0
5 0.110879 0.999836 1.84384 0.938 1.05260217 -0.0523572225 0.392874841 0.266524675 2212 25 1
5 0.0439336 1.37305 0.018061 0.938 1.28094996 -0.0575028868 0.147719961 -0.857823427 2112 15 0
5 -1.07844 3.23599 1.69925 0.938 1.29463849 0.0861633306 0.130951947 0.878448793 2112 16 0
5 2.11531 1.80067 0.676679 0.938 1.10947551 -0.18829248 0.561148202 0.0273961486 2112 17 0
5 -1.32365 -1.19072 -1.7453 0.938 1.01082888 0.142816109 0.238738676 -0.254044132 2112 37 0
5 -0.387971 0.541552 -1.44704 0.938 1.15679477 -0.128307208 0.109095747 -0.655717563 2212 19 1
5 1.08173 1.99027 -1.27971 0.138 0.208540699 0.146684956 0.0351677995 -0.0411335967 211 51 1
5 1.19373 -2.46818 0.183199 0.938 1.01236859 -0.000818625058 -0.37699578 -0.0540339446 2112 38 0
5 0.842701 1.78028 -1.32641 0.938 1.23001766 -0.11767444 -0.656002385 -0.434641265 2212 50 1
5 -0.461827 -2.9313 1.05976 0.938 1.03659986 -0.310334597 -0.287021964 -0.126515179 2212 48 1
5 0.486782 -1.98344 0.354729 0.938 1.19268141 -0.0911654508 -0.704724369 -0.194158105 2212 57 1
5 1.04639 -1.79887 0.842772 0.138 0.281393315 0.0533075327 0.0683135734 0.22941177 211 39 1
5 0.369113 -1.63486 0.345838 0.938 1.04258274 -0.191186604 0.412026412 -0.0285776985 2112 52 0
5 -0.213006 -2.77136 1.01313 0.138 0.291378381 0.0714168378 0.167666029 -0.180679547 -211 56 -1
5 0.486782 -1.98344 0.354729 0.138 0.571354114 -0.26706256 0.275481946 0.400235943 -211 58 -1
# event 4 end 0 impact   0.000
# event 5 out 29
5 2.11175 -0.268335 0.569679 0.938 1.09151219 0.0729176726 -0.0129057397 0.553237125 2112 44 0
5 0.601813 -2.68785 -1.53266 0.938 1.32081965 -0.0274789359 -0.391538849 -0.843008173 2112 26 0
5 -0.378686 -0.990922 -0.298946 0.938 1.2295575 0.00487113432 -0.0291545947 0.794414203 2112 2 0
5 1.89904 0.108232 1.09636 0.938 1.15552542 0.0135516153 0.0321928958 0.673925044 2112 3 0
5 -2.78566 -0.139337 -0.679769 0.938 1.27642844 -0.0121281175 0.0531198799 0.863977286 2112 4 0
5 -1.63352 -0.499661 0.601994 0.938 1.10166864 -0.125550052 -0.156154864 0.541924928 2212 39 1
5 -1.71679 -0.147275 0.196243 0.938 1.13926366 -0.29349108 0.526577801 -0.23378727 2112 40 0
5 -2.8972 -1.46975 0.920211 0.938 1.25269027 0.0298049096 0.155945883 0.814973294 2212 7 1
5 0.266177 2.67641 -1.48219 0.938 1.22773228 0.0438186105 -0.101977782 0.784323289 2212 8 1
5 1.69428 0.716578 -1.53396 0.938 1.22322154 0.175186644 -0.018936904 0.765099967 2212 9 1
5 0.845324 1.00988 1.64299 0.938 1.18248133 0.0235133226 0.0290470201 0.719042063 2212 10 1
5 1.54515 1.3478 0.916279 0.938 0.982951797 0.0280424224 -0.0226158474 0.291637412 2212 46 1
5 1.45801 1.43794 0.719967 0.938 1.15154203 -0.249112969 0.244696705 -0.569448244 2212 43 1
5 1.33529 -1.64379 3.29181 0.138 0.333433383 0.0666119063 0.0205614707 0.295421565 111 30 0
5 -0.386814 -1.95524 0.0962073 0.938 0.984932626 -0.228825019 -0.0511739959 -0.187799391 2112 14 0
5 1.982 -0.278567 -0.847792 0.938 1.08443177 -0.124391747 -0.100183232 -0.520229053 2112 34 0
5 0.8489 2.41314 -0.138425 0.938 1.1298008 -0.114933239 0.0978432274 -0.611410591 2112 16 0
5 0.322312 2.17934 1.90149 0.938 1.18096817 0.0374995864 0.0324582339 -0.715808673 2112 17 0
5 -0.564646 1.11628 0.606786 0.938 1.21850923 0.039053719 0.0323037082 -0.776113402 2212 18 1
5 -0.992464 1.07368 -1.75197 0.938 1.1867485 0.221177993 -0.047460541 -0.690909389 2212 19 1
5 -0.662289 -0.929201 -0.0659089 0.938 0.994221651 0.0645850162 0.0278908009 -0.321999334 2112 48 0
5 -1.60901 -1.87228 -0.149727 0.938 1.09935571 -0.0808811675 -0.543290559 -0.164415912 2212 21 1
5 0.0060289 -3.79348 -1.89427 0.938 1.22446177 -0.0749569589 -0.0225444986 -0.783157602 2212 22 1
5 -1.97394 1.39722 -0.488905 0.938 1.27695861 -0.167538644 0.0986814706 -0.844376733 2212 23 1
5 1.73037 -1.79727 0.716077 0.938 0.994434681 0.327338216 0.0113362648 0.0421606023 2112 29 0
5 -1.44542 0.0828076 0.516484 0.138 0.444874971 0.0937828417 0.3823132 0.154632261 111 41 0
5 2.11175 -0.268335 0.569679 0.138 0.225675443 -0.122963127 -0.100811894 -0.081255379 111 45 0
5 1.54515 1.3478 0.916279 0.138 0.221094804 0.109502236 -0.133249791 0.0096263056 -211 47 -1
5 -0.662289 -0.929201 -0.0659089 0.138 0.306913486 0.270993209 -0.0129694689 0.039323799 211 49 1
# event 5 end 0 impact   0.000
# event 6 out 26
5 -0.130666 0.499116 -0.769055 0.938 1.18538484 -0.00310875394 0.17003543 0.704536383 2112 0 0
5 1.93913 -0.165905 0.101207 0.938 1.03784581 -0.0628239879 0.0880031981 0.430799839 2112 38 0
5 -0.189578 1.74197 1.16439 0.938 1.1217442 0.0612078713 -0.170984795 0.587778736 2112 2 0
5 -0.289241 -0.760502 0.813684 0.938 1.56203293 0.660416261 -0.447971793 0.96087175 2212 33 1
5 0.247739 -0.419377 -0.693987 0.938 1.03350558 -0.240238075 0.350862498 0.0864346505 2112 31 0
5 4.07624 -2.39584 -1.11756 0.938 1.20412463 0.478589628 0.131191508 -0.569045594 2112 5 0
5 1.50158 1.41987 -1.2801 0.938 1.17177683 0.212422643 -0.0891251427 -0.663438212 2212 6 1
5 -0.324111 2.19593 -0.335158 0.938 1.31843266 0.211267943 0.194708392 0.880837766 2212 7 1
5 -0.47795 -2.27653 0.530477 0.938 1.25767004 0.0197355985 -0.000498772006 0.83755608 2212 8 1
5 -1.88806 0.687002 -0.402912 0.938 1.17122457 -0.447913816 0.537766066 0.0458678689 2112 34 0
5 -2.30314 1.91573 0.320847 0.938 1.03944964 0.194868074 0.0815643388 -0.39494967 2112 40 0
5 -2.09322 -1.06175 -0.365667 0.938 1.10830397 -0.565764669 -0.113148839 0.124905482 2212 28 1
5 1.70838 -0.681373 0.672869 0.938 1.19809408 0.136254385 -0.0617386784 -0.730211271 2112 12 0
5 -1.50745 0.985309 1.12846 0.938 1.13293723 -0.105585845 0.00687443379 -0.626503908 2112 13 0
5 0.690961 -2.67571 -1.65424 0.938 1.1143479 -0.0466307241 -0.529228418 -0.282258905 2212 27 1
5 -0.420053 -1.04805 0.608815 0.938 1.08779205 0.142617889 0.0487607906 0.529839652 2112 25 0
5 -1.62117 1.7448 -1.38202 0.938 1.184321 -0.159464955 -0.257084335 -0.65669688 2112 16 0
5 2.97222 -3.20128 0.843312 0.938 1.22186497 -0.483376792 -0.25958762 0.558633277 2112 17 0
5 -2.74098 -1.30785 0.517703 0.938 1.27312389 0.0409990619 0.0224594915 -0.859543539 2212 18 1
5 -2.01473 -1.32587 0.9081 0.938 1.27984862 0.00549658155 -0.120250795 -0.862367685 2212 19 1
5 -0.0129835 1.12311 0.522735 0.938 1.24974705 0.207797402 0.262163739 -0.755059008 2212 20 1
5 -2.4677 1.49529 1.41142 0.938 1.08267972 -0.136094632 -0.277405979 0.443706605 2212 36 1
5 1.79981 0.310965 -1.7028 0.938 1.24543682 0.00920200099 0.129560605 -0.808948859 2212 22 1
5 1.88784 2.73409 0.0735272 0.938 1.33475695 -0.152615202 0.342208934 0.872544415 2212 23 1
5 1.93913 -0.165905 0.101207 0.138 0.343802906 0.230538096 -0.0089504184 0.21430939 -211 39 -1
5 -2.30314 1.91573 0.320847 0.138 0.260726229 -0.207795983 -0.0301838381 -0.0695983625 211 41 1
# event 6 end 0 impact   0.000
# event 7 out 29
5 -0.127049 0.662504 -1.04885 0.938 1.36619769 -0.0118847383 -0.0206330648 0.993018212 2112 0 0
5 1.94856 1.20842 -0.0849392 0.138 0.174310802 -0.0953465977 -0.0304015934 0.0364008934 211 40 1
5 -0.0524288 -1.90113 -0.965357 0.938 1.29648062 -0.0113942827 0.251605573 0.858826418 2112 2 0
5 0.347935 0.206282 -0.424108 0.938 0.954156041 0.0700715843 0.158057785 -0.0260280621 2112 30 0
5 2.01823 1.23746 -0.155845 0.938 1.1119474 0.168295672 0.12976046 -0.558051805 2212 39 1
5 0.663035 -1.96267 -0.609854 0.938 1.18939234 -0.0419373144 0.0619549935 0.727470257 2112 5 0
5 -1.13776 0.153778 0.698597 0.938 1.00692258 -0.267573275 0.147247989 -0.201919941 2112 38 0
5 -1.77822 1.59926 1.0687 0.938 1.07995695 -0.161831587 0.0611995591 0.50648609 2212 7 1
5 -0.672604 -0.986615 0.391621 0.938 1.28365586 -0.23709868 -0.0442502432 0.842469289 2212 8 1
5 -0.43355 0.388289 -1.30563 0.938 1.11587305 0.00350022311 -0.0340880969 0.603452088 2212 9 1
5 -0.660407 1.54795 0.77874 0.938 1.14810486 0.132130747 0.0210038863 0.648383432 2212 10 1
5 1.45721 1.82245 0.0724376 0.938 1.35521722 0.650077775 0.341470978 0.646193609 2212 11 1
5 -1.23936 0.525771 -0.127427 0.938 1.1678572 0.313188354 -0.158859411 -0.600602353 2112 12 0
5 2.01235 1.59186 1.38485 0.938 1.29367277 -0.0761931796 0.0451357226 -0.886511477 2112 13 0
5 -1.82693 -2.45426 -1.20065 0.938 1.19918754 -0.00797271464 -0.0408247988 -0.745973538 2112 14 0
5 1.13108 0.363567 1.85785 0.938 1.09886062 -0.0129411125 -0.259772554 0.509903327 2112 15 0
5 1.13259 -0.784519 0.0509303 0.938 0.95535102 0.0659989851 0.0287821121 0.166334888 2212 33 1
5 -1.87806 1.63704 -0.62137 0.938 1.31132377 0.0029288571 0.274641301 -0.874236581 2112 17 0
5 1.54508 0.862983 1.06219 0.938 0.94568303 0.109206813 -0.0102644091 0.0494055474 2112 41 0
5 -1.06806 0.105077 0.618754 0.938 1.00140908 0.028705949 -0.0862384361 -0.338696097 2212 43 1
5 1.11617 -0.0705832 0.351835 0.938 0.99496762 -0.112485992 -0.225281799 -0.216128614 2212 27 1
5 -0.885043 1.351 1.6626 0.938 1.20253216 -0.090378175 0.155275216 -0.730726341 2212 21 1
5 -0.605671 -1.62839 1.56997 0.938 1.00112303 -0.141362459 -0.22345812 0.229099185 2112 25 0
5 0.339176 -3.48687 -1.97313 0.938 1.26808488 0.0277321687 0.0697004418 -0.850040017 2212 23 1
5 0.48313 -1.59054 -0.628751 0.138 0.324523935 -0.229862335 -0.125933718 0.132573715 211 45 1
5 1.54508 0.862983 1.06219 0.138 0.391329861 0.0591959015 0.0997384501 0.347337223 -211 42 -1
5 -1.06806 0.105077 0.618754 0.138 0.337299726 -0.0658795903 0.0593946917 -0.294718943 211 44 1
5 0.48313 -1.59054 -0.628751 0.938 1.42767618 0.136093997 -0.627459386 -0.863821986 2112 47 0
5 0.48313 -1.59054 -0.628751 0.138 0.26950129 -0.202984996 -0.0175035271 -0.109898423 -211 48 -1
# event 7 end 0 impact   0.000
# event 8 out 25
5 1.46361 -1.92929 0.00210297 0.938 1.27959383 -0.308829898 -0.325535461 0.745766143 2112 0 0
5 -1.59102 0.498394 0.902761 0.938 1.2775204 -0.0073288881 -0.135248861 0.856661194 2112 1 0
5 -1.23481 3.38356 1.99512 0.938 1.15095344 -0.0479399028 0.0975747453 0.658050719 2112 2 0
5 0.941394 -0.710584 -1.24396 0.938 1.26238561 -0.285464178 -0.298470099 0.737020507 2112 3 0
5 -0.820947 3.50729 1.03363 0.938 1.13620082 0.0373437194 -0.0421217992 0.638701413 2112 4 0
5 -2.58793 0.142616 -0.457124 0.938 0.95939489 -0.0925902767 0.138084186 0.113817193 2112 26 0
5 -0.50648 -2.9118 0.671871 0.938 1.29892766 0.011477118 0.0792120608 0.894965249 2212 6 1
5 -0.286095 -1.36372 0.0892353 0.938 1.15277959 0.133543896 -0.121844002 -0.645272696 2212 7 1
5 -3.2892 -1.1855 0.71618 0.938 1.19847976 -0.0331991569 -0.0768632561 0.741282394 2212 8 1
5 2.45406 -1.3791 -0.124927 0.938 1.18734435 0.0282653238 -0.134775829 0.714828058 2212 9 1
5 1.35804 2.62764 -0.459362 0.938 1.18247993 -0.105699125 0.670946569 -0.238899929 2212 10 1
5 3.30628 0.80686 -1.79157 0.938 1.24822812 0.270289693 0.633438372 -0.4515847 2212 11 1
5 0.733354 -0.337621 0.451383 0.938 1.31189355 0.0308093845 0.0772588706 -0.913401635 2112 12 0
5 0.478171 1.7923 1.09212 0.938 1.18493299 0.16956842 0.018374126 -0.703655544 2112 13 0
5 -2.63421 -1.30277 -0.810271 0.938 1.04902198 0.0742932014 -0.455953331 -0.0847949877 2212 25 1
5 -2.56728 1.7648 -1.11016 0.938 1.25747552 -0.223773601 0.114266173 -0.798917582 2112 15 0
5 -1.71164 -2.22791 -2.19851 0.938 1.18090609 -0.0387736561 0.0232400745 -0.715996998 2112 16 0
5 1.19398 0.556332 0.70494 0.938 1.13235922 -0.103030694 0.0587906708 -0.623154664 2112 17 0
5 2.02948 -0.723359 -0.633346 0.938 1.17293096 0.0100723135 -0.232388179 0.664693395 2212 18 1
5 -0.232722 0.618154 1.35844 0.938 1.2378554 -0.0736255364 -0.0892015745 -0.799415004 2212 19 1
5 0.568776 -1.28352 0.91392 0.938 1.37910569 0.119556283 -0.0504952347 -1.00261909 2212 20 1
5 -1.09892 -1.82535 1.02835 0.938 1.19080898 -0.0520987487 0.331903797 0.652156133 2212 21 1
5 1.66391 0.253806 -2.27229 0.938 1.20019863 0.12931422 0.270451454 -0.686124323 2212 22 1
5 2.29189 0.838034 0.547449 0.938 1.18760888 0.0644976717 -0.664806179 0.290591889 2212 23 1
5 -2.02872 0.252621 -0.603976 0.138 0.34657322 0.293322416 0.114162707 -0.0446971315 -211 27 -1
# event 8 end 0 impact   0.000
# event 9 out 27
5 -1.91177 -2.01514 1.24527 0.938 1.22811723 0.168419013 -0.0737694431 0.771116747 2112 0 0
5 -1.45859 1.161 1.08089 0.938 1.05575413 0.0231557915 -0.0656963697 0.479500335 2112 1 0
5 4.06237 0.13752 2.84344 0.938 1.17629905 -0.00473423374 0.00330852925 0.70979017 2112 2 0
5 2.39893 -0.63151 -1.51826 0.938 1.29150601 -0.0249641965 0.0744013803 0.884299157 2112 3 0
5 0.468874 0.705315 -1.14748 0.938 1.07511787 0.0602176539 0.152373045 -0.499190062 2112 36 0
5 -0.69483 -1.1856 0.279916 0.938 0.997934467 -0.224819164 -0.167078492 0.193830653 2212 43 1
5 -0.234146 -2.34017 -1.45571 0.938 1.05884247 -0.166129889 -0.0896665788 0.453502084 2212 45 1
5 0.125932 -0.177073 -1.65558 0.938 1.17345559 -0.0274505038 0.192824769 0.67765706 2212 7 1
5 0.0459974 2.51761 -1.09597 0.938 1.30175887 -0.0914605239 -0.030836347 0.897449857 2212 8 1
5 -2.83379 2.63326 -0.566018 0.938 1.21393993 0.0244657165 0.0521196118 0.768434207 2212 9 1
5 2.59181 -0.780036 0.430982 0.938 1.13089806 0.603006374 -0.185451129 0.0328270633 2212 31 1
5 -1.40117 0.660879 1.50052 0.938 1.25823939 0.227319044 -0.0702700895 0.80418315 2212 11 1
5 -3.78902 -0.0734903 3.01706 0.938 1.21564194 -0.0191678457 -0.00328753456 -0.773022069 2112 12 0
5 2.75534 1.00418 0.759134 0.938 1.29467549 -0.0330065618 -0.0948528473 -0.886709728 2112 13 0
5 0.032347 0.737999 0.0977515 0.938 1.11746337 -0.0874850813 0.0208652493 -0.600659117 2112 14 0
5 0.145687 -2.15811 -0.331517 0.938 1.10743967 0.0538692653 0.10175892 -0.577340324 2112 15 0
5 -2.84681 2.69137 -0.19106 0.938 1.17329329 0.0104152489 0.0442598802 -0.703353196 2112 16 0
5 -0.651336 -1.32714 0.197209 0.938 1.08576363 -0.163245802 -0.476825327 0.21219583 2112 40 0
5 -0.936172 1.39563 -0.884852 0.938 1.3445861 -0.766698457 0.391776272 -0.432148828 2212 41 1
5 -0.441671 -2.3389 -1.03648 0.938 1.22630753 0.0740363576 -0.205696073 -0.759074371 2212 19 1
5 0.465417 -2.02475 -2.32495 0.938 1.0405703 0.28140672 0.15244692 -0.317037443 2112 38 0
5 2.54346 0.342853 -0.118766 0.938 1.28942141 0.0684823947 0.0728413801 -0.879072165 2212 21 1
5 -0.198932 1.46815 -0.640126 0.938 1.22683822 -0.0964951249 0.203326398 -0.758046885 2212 22 1
5 2.1819 -1.51775 1.4501 0.938 1.091473 0.425806987 -0.259827506 0.250294603 2112 27 0
5 -0.897723 1.45111 -0.905118 0.138 0.451501086 -0.105581102 0.350662299 -0.225161751 111 42 0
5 -0.697441 -1.19104 0.356709 0.138 0.395182906 -0.0982083691 -0.0852871314 0.346708452 111 44 0
5 -0.236989 -2.33976 -1.46106 0.138 0.190934308 -0.111153711 -0.00441978362 -0.0709734304 211 46 1
# event 9 end 0 impact   0.000
# event 10 out 27
5 1.24249 -1.04379 -0.36775 0.938 1.03159928 0.153457582 0.0518868765 -0.397632482 2212 30 1
5 -1.87473 -1.96352 0.923221 0.938 1.17159885 -0.587091867 0.366627874 0.117076913 2112 1 0
5 0.245965 -3.41146 -0.427752 0.938 1.24379705 -0.00905333123 -0.0277954575 0.816291945 2112 2 0
5 0.564545 -0.11515 2.65064 0.938 1.20205718 -0.0152494257 -0.143501838 0.737748018 2112 3 0
5 1.44636 2.49208 0.946872 0.938 1.15694349 0.0746787465 -0.147534932 0.656757769 2112 4 0
5 -2.46201 0.329517 -0.376064 0.938 1.02304294 -0.319010616 0.101767463 -0.233770133 2112 32 0
5 3.73941 0.68603 0.732323 0.938 1.15937248 0.026787095 -0.00482082449 0.680852223 2212 6 1
5 0.777399 -0.539957 -0.459789 0.938 1.26637519 -0.614966588 0.27688924 -0.518662274 2212 34 1
5 -0.775768 1.03368 -2.20022 0.938 1.24920681 0.0961555652 -0.029575795 0.818873023 2212 8 1
5 -3.36319 -0.81596 0.489694 0.938 1.27268332 -0.0229089264 0.10316306 0.85364595 2212 9 1
5 0.0168182 1.54244 -0.773342 0.938 1.22242722 -0.0543093034 0.118598515 0.772961325 2212 10 1
5 -1.26952 2.44842 0.933368 0.938 1.10146218 -0.0815772892 -0.00551696826 0.571567699 2212 11 1
5 3.86363 1.9251 -2.88127 0.938 1.20174833 0.00175261025 -0.012002702 -0.751137745 2112 12 0
5 -1.56148 0.917273 -0.834275 0.938 1.25201352 -0.0554431808 0.101813644 -0.821129641 2112 13 0
5 2.5259 -1.14482 1.98498 0.938 1.23800921 0.40215476 -0.115524642 0.691193463 2112 14 0
5 1.30633 -0.972343 0.331392 0.938 1.02463391 0.0735647734 0.00972069504 0.405616053 2112 29 0
5 0.711371 2.92792 1.18988 0.938 1.20492454 0.0608546293 -0.0304874778 -0.753237259 2112 16 0
5 -1.87937 0.661423 -0.995699 0.938 1.20741054 0.183848048 0.419119183 -0.607071023 2212 25 1
5 -0.281332 1.10577 0.302397 0.938 1.17646936 0.216778904 0.00410345349 -0.676185044 2212 18 1
5 -1.15035 0.257771 -0.616417 0.938 1.10603197 -0.0640017508 -0.0314799758 -0.581700529 2212 19 1
5 2.78663 -2.0936 -0.945415 0.938 1.30286874 -0.013780335 0.0115307735 -0.904046515 2212 20 1
5 -1.61335 -3.08517 -0.933957 0.938 1.32169801 -0.0789494762 -0.0692470423 -0.925209958 2212 21 1
5 -1.1841 -1.36453 0.957988 0.938 1.13541366 0.502624326 -0.380716263 -0.10837017 2212 22 1
5 -1.94706 0.242575 0.568904 0.938 1.15881949 0.281297429 -0.491180507 0.37766661 2212 23 1
5 1.24249 -1.04379 -0.36775 0.138 0.210193383 -0.0620438521 -0.14064224 -0.0388275513 -211 31 -1
5 -2.46201 0.329517 -0.376064 0.138 0.321125673 -0.068825458 0.23851775 -0.149833365 -211 33 -1
5 0.777399 -0.539957 -0.459789 0.138 0.225949234 -0.0267430693 -0.173711863 -0.0334373035 111 35 0
# event 10 end 0 impact   0.000
